376
33 6815
34 6679
31 7476
23 8184
28 6793
13 6189
24 8415
5 6781
4 353
35 649
13 1898
5 5664
3 9313
32 6702
23 8798
1 8141
7 8426
45 4217
25 3361
42 59
47 2743
16 8252
37 6772
9 5649
4 8833
30 7962
11 9802
25 6252
18 4147
14 6933
6 1306
45 9468
40 5006
45 5317
42 4816
26 5362
2 7243
1 7359
47 8701
22 4700
27 2139
11 9611
49 6921
18 5416
17 3498
23 9810
22 4326
9 4473
48 2556
5 2374
10 8300
47 6381
20 808
41 1647
49 8444
43 5401
27 8497
45 360
49 2753
43 1934
37 1978
19 3063
20 978
31 563
21 2690
47 7831
50 5617
2 5775
26 9373
5 8467
3 9412
23 5980
18 9711
16 6695
28 529
7 5317
48 4151
7 7853
12 6997
9 4386
9 2826
49 9073
33 9006
29 881
50 9609
19 5108
10 6895
12 8201
28 1463
22 1950
34 949
29 8956
36 3168
3 5005
23 1987
32 6677
42 9407
12 7827
2 6618
2 9141
44 756
6 9763
48 2404
6 8571
45 5524
11 7632
39 6554
49 4722
6 5699
4 7599
15 3722
50 8389
3 7072
36 6289
26 4173
46 2985
26 4029
50 1476
30 2270
24 9541
4 9956
9 8713
27 8794
33 8836
31 4129
33 3145
27 8355
24 4418
48 7774
28 4920
20 3631
49 7604
36 7719
26 4980
35 1921
32 4931
10 8126
16 2856
43 1233
30 7739
50 5725
1 7000
6 2345
46 927
23 2114
43 5179
33 3079
29 7865
23 5219
3 5791
8 5430
16 8777
9 5014
12 5225
7 2128
19 4053
6 8292
8 8752
39 3347
28 163
32 2896
17 4773
18 4394
3 9474
46 3295
9 9328
20 3084
30 4007
42 2382
5 1819
37 9295
16 5004
28 3117
34 2292
34 9331
13 4852
15 3445
14 8890
4 2488
10 1899
41 3378
28 751
12 7919
49 4398
10 7966
48 7694
46 5837
35 7592
27 542
10 5024
6 4821
42 91
37 2242
23 6665
30 3548
5 7860
45 5221
20 862
14 7673
33 1526
31 7531
19 7917
17 81
25 6406
11 6124
35 7825
47 7105
32 3987
37 8915
45 7374
10 9160
18 9342
4 7398
38 417
29 7381
6 1172
42 8873
3 8007
28 9050
40 6027
38 7724
7 502
3 5719
35 9906
47 8790
2 4689
3 4932
32 4019
18 7923
16 2901
15 5289
5 9361
18 3030
14 1429
44 7255
4 7134
18 1159
35 28
17 9836
28 4218
15 1962
18 2878
42 6195
23 445
27 6662
22 684
7 2556
50 6435
48 7675
22 7137
15 4023
15 8601
27 1813
47 8700
25 17
2 7351
48 1185
26 7172
21 6256
41 8756
8 5977
4 7429
14 3493
9 8105
13 6981
33 3907
37 1039
11 9336
19 1574
46 9402
15 2403
1 1257
37 4962
18 776
33 2462
28 6753
4 5509
23 622
35 1485
41 7366
45 6660
47 3587
35 851
2 4569
44 5579
42 9096
20 2785
10 1330
42 8032
28 9598
50 208
16 1503
11 1920
28 1531
45 9178
28 2311
11 9078
6 907
41 6531
36 8128
35 8620
12 7279
12 6299
50 4629
45 2916
11 7303
7 5751
50 9274
10 7233
41 1367
19 9695
5 4076
6 9787
44 3288
3 5357
16 3966
45 5699
33 2420
34 2915
48 3511
32 9258
20 2516
39 1319
13 9852
19 9887
49 7455
29 4875
43 2329
6 7024
4 3582
42 5822
48 4370
37 1468
22 1284
5 2649
6 6340
23 2995
16 2336
16 4968
33 1517
23 4302
32 7289
42 377
23 9826
17 2616
1 2724
29 1224
6 5622
48 1530
22 5135
22 673
23 1352
26 4271
10 7744
31 9002
2 8708
48 1691
34 5369
33 9576
44 2582
3 8839
14 6863
22 3976
39 573
11 5346
13 3512
27 9142
24 3309
49 2945
45 9361
46 5993
13 6254
38 5887
30 4607
13 230
14 7421
3000
1015 144
988 76
187 216
1223 101
1105 335
53 123
1173 158
938 264
1214 193
850 174
217 344
1148 172
450 172
1018 190
33 313
1003 352
1304 121
1492 195
58 342
132 133
297 96
1325 167
500 30
765 157
1113 184
1264 240
1090 65
1052 182
560 227
1121 64
1327 368
332 372
644 61
1182 110
1083 161
1142 316
536 170
1107 346
34 31
403 372
531 169
703 216
47 203
1473 176
1111 221
1107 7
700 123
907 373
899 331
533 108
168 93
376 157
52 205
1139 67
1205 285
1196 350
41 361
194 299
1113 137
867 222
477 269
323 200
1372 36
264 178
46 104
85 68
205 192
484 313
662 121
320 221
1056 150
38 117
404 30
296 60
498 86
683 204
1422 124
1260 40
840 52
1178 213
1321 232
565 145
214 313
1070 143
1448 348
1009 49
1013 149
1267 284
916 91
1225 250
433 52
1238 223
620 141
1203 365
667 335
1281 76
749 106
589 195
334 296
681 188
47 138
745 50
412 84
92 135
40 312
939 375
1491 187
1281 140
1202 128
944 158
569 280
680 105
33 120
608 24
279 160
450 113
881 108
115 136
1285 152
515 340
578 94
1111 362
841 243
1133 249
297 13
789 218
569 330
468 171
738 26
795 103
211 291
1292 191
509 352
130 319
95 302
548 317
253 170
800 287
283 273
852 225
203 172
247 177
625 16
1167 109
188 188
932 8
559 31
780 330
860 119
906 346
226 143
1261 361
676 121
447 206
812 194
1460 30
1500 209
1443 83
1448 300
1139 323
1148 61
466 241
1157 35
905 238
553 13
813 341
733 34
554 296
1106 168
817 48
1500 274
520 350
1217 69
1043 66
1349 283
460 279
1067 70
417 190
926 267
1357 204
107 164
1035 232
1125 187
866 258
897 139
673 127
980 27
533 348
1342 289
789 191
905 130
145 159
82 219
1301 8
1140 146
553 75
402 104
1439 207
441 358
998 152
308 94
622 269
966 279
355 66
715 81
319 46
604 246
633 250
994 239
1082 278
394 82
793 258
1236 131
1293 152
895 63
15 252
1158 247
1298 359
1482 205
959 334
1374 174
344 13
578 111
83 83
1302 73
1416 28
1305 81
602 114
534 289
71 6
634 232
1322 298
1420 251
502 10
300 137
163 278
358 303
811 271
994 141
469 58
522 329
1139 180
1336 292
269 22
763 19
659 155
1162 321
43 283
1125 145
1079 372
490 142
997 316
609 116
633 158
959 3
141 175
669 227
179 355
1318 262
34 87
934 288
439 162
1394 356
1275 59
267 316
1229 143
122 7
1086 76
1389 351
865 186
601 46
580 286
3 45
493 24
179 35
603 13
732 171
864 361
128 364
460 374
224 326
43 86
889 358
1415 196
1067 257
1360 12
678 368
1432 30
1038 331
791 301
1433 206
611 358
782 38
907 245
376 364
530 230
842 273
1200 185
306 100
140 300
233 226
187 283
1006 302
500 95
586 317
994 170
228 170
603 227
506 64
1441 225
241 189
569 320
454 157
1017 306
6 106
417 116
792 31
1297 106
512 45
12 79
358 182
622 89
834 19
1151 313
1459 172
604 45
451 36
640 58
644 264
353 289
725 313
44 161
1065 129
482 182
1000 25
397 324
107 138
720 305
1398 202
881 53
464 230
1228 45
932 209
128 130
1451 225
1335 366
312 298
1495 208
882 322
213 291
1275 154
722 40
1424 196
375 29
892 282
1203 177
1342 33
706 343
849 90
1441 14
1300 218
109 137
931 259
85 213
512 128
1362 166
1451 91
1263 156
610 198
461 3
1484 228
102 367
81 282
1069 107
218 323
625 55
1047 24
1273 239
1285 276
187 347
146 106
197 296
814 376
1335 152
1143 362
837 226
1482 137
107 292
702 19
865 292
7 360
824 190
1011 228
752 302
1130 92
1175 216
1428 335
748 1
197 4
49 279
1468 99
1181 324
249 122
655 191
1409 294
119 130
1468 346
691 233
123 363
486 97
465 16
528 375
225 36
1277 12
1222 203
1335 262
1430 46
945 196
148 231
1329 8
653 84
296 102
29 164
520 126
443 323
728 33
1400 372
314 249
498 23
303 119
1373 328
1075 354
1290 344
1347 144
115 263
456 172
981 356
523 112
1383 8
1438 33
1104 4
929 183
539 310
407 374
1498 99
1294 59
998 265
216 259
1101 103
645 282
234 217
1147 221
205 12
452 349
794 328
444 37
1468 305
998 275
979 52
619 114
291 293
87 305
464 135
1427 72
1237 106
176 233
552 298
713 6
470 40
875 29
208 213
514 298
1254 128
1371 306
1455 104
1070 298
1416 252
1016 243
284 14
69 285
457 364
1282 190
1057 217
711 184
784 371
750 171
704 1
347 20
349 145
57 152
1418 139
1328 330
1249 273
678 356
380 360
805 302
1042 251
1108 59
1473 39
495 55
433 350
596 312
1482 352
719 327
274 374
1465 364
1205 374
865 267
749 48
288 224
845 4
466 360
936 271
1426 119
744 41
754 136
1085 29
822 286
1118 375
1170 323
580 222
521 139
706 370
1379 60
986 25
624 107
1119 5
607 290
714 349
246 341
1234 98
1276 60
281 5
1070 288
931 219
1452 88
351 169
158 144
724 23
1290 239
50 6
757 43
1230 112
1037 10
1462 196
84 40
1385 160
857 373
477 317
1360 60
1265 333
156 301
362 123
1441 83
299 29
979 142
1013 311
626 134
596 115
1469 8
1023 212
848 113
1446 221
914 183
937 8
1095 115
871 34
4 55
516 243
472 324
448 43
571 220
1084 276
414 139
1205 50
656 29
906 200
1422 330
453 70
392 103
949 109
764 139
557 344
866 213
235 361
363 262
416 55
277 319
451 34
135 98
44 110
836 335
323 104
403 107
1225 324
332 285
1213 171
938 66
388 4
1226 331
691 228
210 301
159 346
1406 91
814 305
1240 349
1115 189
462 319
290 268
880 213
741 227
671 332
491 172
118 326
751 158
120 337
539 148
84 112
1415 156
608 83
1465 375
948 159
270 87
102 146
1479 145
1166 2
1321 121
440 329
1179 156
516 368
1159 221
416 316
1078 1
521 346
614 230
324 84
685 345
1382 329
353 197
1413 174
685 268
925 294
644 159
244 113
452 233
866 245
1425 128
248 20
135 169
104 63
1067 362
825 234
911 305
95 117
553 208
528 190
171 127
358 349
647 131
1108 307
1187 261
907 117
1184 192
546 23
1142 345
80 280
1381 30
112 109
742 124
1078 90
1194 106
660 45
1027 228
1454 238
642 283
765 111
909 164
543 11
582 339
496 168
1481 258
1230 146
1499 243
1316 211
982 345
1003 319
1373 175
1053 239
747 172
797 221
635 228
329 154
682 148
705 311
595 71
512 226
451 97
328 60
441 160
1217 229
385 328
548 132
1414 152
874 203
403 52
1077 67
346 281
527 240
1141 337
66 158
1046 345
1373 368
1011 53
1216 277
1269 72
275 319
881 209
815 370
891 246
1396 81
1135 307
542 234
1129 325
717 259
229 331
236 223
1081 2
1454 123
948 58
1251 244
978 303
1355 229
824 258
94 336
109 127
196 125
1166 40
603 301
1289 86
1426 271
1156 48
1296 267
590 26
513 180
241 249
635 271
1015 180
203 183
1328 71
1465 233
476 116
1243 17
883 153
775 375
436 363
777 137
1121 50
619 313
1243 286
179 123
184 37
634 59
417 313
209 111
732 196
1300 310
661 304
1227 51
293 369
588 254
292 310
595 150
1045 139
53 269
861 26
854 315
1432 298
852 189
203 23
734 208
161 126
1119 194
726 283
35 104
739 185
905 123
99 191
90 206
835 294
1263 2
1492 3
1158 109
292 144
1384 218
844 172
1003 236
1165 144
991 158
507 165
861 300
714 84
885 136
1411 181
815 247
1001 297
1188 21
1322 200
705 217
326 28
1094 306
1385 245
843 119
1316 332
1282 320
749 341
635 191
169 361
1405 330
1181 315
143 228
933 177
474 235
1488 101
49 337
1112 375
235 187
736 15
255 84
1312 95
532 285
1423 246
1309 225
1330 248
1486 340
378 15
42 221
1259 335
860 267
1490 215
247 249
417 106
1233 342
1003 91
294 22
709 279
350 372
508 372
805 342
1352 343
933 210
986 223
427 134
527 324
1146 143
946 26
1156 368
1043 114
357 59
859 96
1029 221
321 125
938 297
1204 237
1355 324
788 122
5 275
931 92
1028 336
485 331
975 160
172 258
496 285
109 369
855 59
48 153
1044 68
264 339
390 265
1377 217
1189 64
1436 247
20 128
242 259
1010 231
1277 143
673 178
905 45
529 213
1324 146
615 154
1300 133
364 171
1243 172
486 86
1079 264
1026 53
984 368
1453 83
707 90
1421 232
47 113
719 233
791 26
157 18
224 9
256 19
1214 43
55 155
984 66
84 175
1446 96
85 140
630 13
1460 142
633 321
1011 278
935 82
1182 348
783 234
189 32
122 118
225 347
67 194
1350 254
593 94
517 153
897 302
555 207
334 218
139 125
451 210
880 60
661 82
318 296
1472 356
1234 142
904 351
1146 186
33 266
1323 51
981 191
431 40
38 202
1146 68
1362 202
458 240
382 191
1275 116
635 117
86 211
1319 346
1052 195
783 215
1191 355
1282 142
386 363
222 126
1492 131
219 342
371 329
56 54
291 189
1309 264
576 186
1011 161
986 57
1005 175
303 229
826 101
921 26
672 286
1270 91
904 45
784 350
477 364
819 251
536 43
44 267
1088 371
676 80
1037 175
1396 362
1096 99
345 98
337 96
677 92
323 114
622 260
338 94
1314 50
616 9
804 270
1346 247
877 182
345 368
705 279
326 5
1191 97
1168 215
849 235
957 165
1095 172
1229 279
524 141
138 63
519 9
1074 83
120 340
159 118
1421 306
163 69
1131 263
345 262
937 18
868 75
28 244
186 208
1462 52
777 298
855 105
525 6
912 54
291 9
689 268
188 351
515 263
424 356
275 135
119 361
377 161
1325 70
1359 213
83 215
772 369
199 287
1310 229
1373 5
1162 28
1279 46
834 325
1358 305
968 49
48 14
997 360
456 130
1473 277
180 141
935 257
1263 233
10 18
644 93
1417 373
820 8
512 63
897 41
142 218
1034 129
892 62
1411 64
320 365
842 23
204 35
302 261
1082 38
1107 355
200 348
821 93
220 73
1373 329
211 359
1457 292
1228 190
325 138
446 35
427 144
1410 91
1013 267
283 226
642 93
1473 161
674 263
930 70
1273 337
1195 209
1437 18
980 48
256 168
699 317
959 28
106 335
147 180
563 86
28 149
1283 25
92 230
1212 136
796 266
680 208
615 259
92 255
1062 372
719 188
1323 187
315 199
416 194
1396 228
881 2
1391 351
1167 292
1210 357
689 99
1235 88
1007 110
433 266
1310 186
40 195
295 12
1363 16
1477 247
1371 3
215 134
450 39
1098 215
1368 350
790 296
1072 326
508 290
897 45
877 329
1149 242
1444 352
170 253
979 23
1156 25
718 42
863 238
340 233
448 210
1120 2
910 181
967 71
669 27
1210 274
308 154
92 167
1126 49
302 130
1286 193
1130 242
733 136
1304 318
676 237
1264 201
513 310
788 233
102 171
514 83
1324 319
1335 216
856 165
833 307
345 253
932 198
1018 335
1391 287
1429 267
213 350
314 233
1124 30
401 339
1234 376
597 33
515 371
798 375
33 109
420 207
530 269
295 44
857 24
183 27
1207 158
1193 1
211 173
1243 208
820 295
462 153
442 87
1388 240
686 148
1021 192
160 177
1133 373
626 279
10 20
1133 106
9 184
679 229
1494 354
916 7
362 298
996 247
411 245
1020 226
1070 227
19 369
1107 215
412 36
1378 228
1029 74
787 80
1374 325
519 189
90 171
243 338
355 139
1004 158
200 38
631 198
1222 193
949 338
1102 219
1052 354
550 66
1063 142
1257 282
1004 43
654 245
1493 117
261 173
1485 251
1458 53
288 139
1246 282
469 209
159 189
1248 308
670 80
1332 33
733 108
1239 193
759 68
178 113
624 225
988 328
1163 40
803 233
433 318
1171 327
278 376
137 180
1284 306
779 143
465 15
774 16
598 68
1251 28
1237 19
1002 176
732 233
148 98
870 99
438 133
1069 111
581 118
880 105
1404 21
438 161
743 225
606 1
928 106
547 20
296 364
1380 31
1061 337
101 252
1283 282
308 369
7 328
574 245
589 203
1084 194
1125 223
1282 240
16 302
36 275
1261 363
252 257
534 17
1053 97
925 355
312 342
69 338
276 164
291 153
3 203
423 360
613 36
1090 341
420 49
952 275
1490 254
567 44
1460 189
534 313
47 85
488 282
1356 14
1324 121
558 11
872 264
73 155
951 308
475 347
310 205
49 15
1491 121
347 135
448 65
1258 284
377 128
115 55
373 332
1393 110
1427 85
754 232
710 290
142 207
1189 183
474 45
817 143
102 319
1231 317
856 316
343 7
878 138
1019 49
663 164
399 247
236 81
1345 339
253 326
102 261
1117 356
1413 94
1028 71
502 163
733 199
1136 146
309 316
1318 50
950 35
1174 105
866 214
561 265
101 211
1031 79
460 163
78 87
1159 174
874 135
1398 48
861 331
144 106
1378 134
614 198
1271 26
101 7
758 372
1160 182
837 222
815 44
1047 154
706 310
556 288
948 8
594 234
796 220
43 298
861 260
1095 135
1087 172
68 356
1102 41
543 46
749 174
242 362
201 351
898 215
998 94
1114 292
759 365
1193 332
339 97
26 221
481 94
115 369
876 359
313 2
1395 141
64 270
354 129
94 294
1213 187
1111 260
637 223
1280 35
126 364
783 71
159 39
1044 358
1088 170
585 217
1150 5
161 109
156 149
361 217
1194 350
520 179
339 311
568 321
1267 43
1364 22
1119 30
136 42
1494 336
121 54
976 123
774 269
295 70
561 154
357 292
23 88
172 149
1388 249
948 237
155 98
159 376
277 26
26 3
666 89
725 94
104 119
233 127
1169 273
1165 178
675 263
450 63
601 310
799 269
514 131
1012 206
1482 170
1088 316
1100 83
267 14
606 307
72 269
248 194
762 37
881 215
137 80
1481 127
788 332
1341 131
1101 376
49 222
221 376
1487 19
1014 257
323 144
2 61
871 60
306 342
488 140
431 72
444 10
1286 306
236 220
513 77
945 49
13 213
605 123
1133 141
227 129
1323 177
612 335
871 301
930 344
642 241
129 371
1 253
896 232
749 123
1251 221
1055 285
984 240
882 214
1277 62
736 118
58 154
1440 164
1276 28
218 127
187 189
1345 122
604 145
1498 366
572 224
1029 18
32 2
1285 198
771 126
679 305
510 289
688 177
310 142
469 21
832 327
1496 307
654 300
150 65
806 279
929 298
324 271
1483 321
1249 82
318 43
1069 207
808 355
410 265
110 212
1124 310
1411 259
841 103
613 185
571 44
1110 221
806 159
1000 232
338 357
239 372
1104 26
1262 219
251 133
478 178
665 142
1317 130
102 299
51 104
424 345
1359 226
91 17
1385 285
1201 58
520 219
491 130
1105 191
1133 339
272 10
336 234
1120 71
634 319
645 295
939 95
1023 366
430 103
1179 274
1102 106
130 325
742 273
240 310
102 14
1240 87
23 218
1263 3
1159 271
914 53
214 300
1308 168
969 204
441 333
1317 169
14 283
102 9
254 108
786 109
361 34
461 201
192 346
591 2
676 123
1378 46
1166 210
1030 5
770 160
1365 40
187 229
11 148
624 373
630 287
280 368
915 147
229 374
1314 25
1420 238
229 12
39 4
868 146
185 94
54 218
799 267
1225 342
210 46
1308 143
693 142
1459 45
1090 47
138 36
485 83
857 52
344 76
457 167
1143 66
1451 149
1285 62
210 51
1084 276
89 69
1428 229
1432 357
77 150
381 37
1047 229
1099 76
311 6
362 299
32 260
398 175
1283 35
963 265
646 31
1197 200
1078 362
11 339
723 101
1098 265
1136 230
953 38
198 148
1295 85
562 347
1265 331
886 270
29 270
1352 114
565 205
1197 122
1299 240
1158 276
964 303
1360 261
883 139
125 133
717 96
1215 313
1010 125
88 218
1481 337
1118 305
499 35
1474 131
1124 322
77 290
1195 9
441 15
610 102
1145 228
750 129
1196 124
1468 290
1291 336
938 191
973 201
1258 345
159 152
374 18
1185 114
1392 115
13 293
1035 372
738 186
723 179
121 355
1465 345
280 148
1119 19
962 199
615 126
494 361
104 61
113 321
407 117
998 184
964 156
1273 257
893 315
873 169
346 71
267 283
944 70
896 308
849 81
343 142
1326 95
106 1
1257 106
1046 309
335 29
248 366
153 4
1289 223
994 209
877 315
871 341
1252 5
308 63
892 337
941 340
1215 281
739 342
938 112
111 34
1394 202
951 20
149 309
1271 138
1309 220
968 17
1249 222
136 304
504 330
1002 342
1147 20
704 279
138 5
1090 6
566 265
898 294
820 177
1271 153
1409 304
1149 69
441 241
508 273
781 219
966 301
278 216
1403 177
182 222
931 211
831 137
465 37
828 237
659 243
316 343
241 240
1105 82
867 269
1379 49
951 31
213 287
1329 56
467 211
1441 195
146 375
355 33
1015 278
354 273
1382 350
56 115
629 134
897 71
458 164
574 356
144 161
129 130
273 311
1252 238
651 213
537 227
36 360
1170 138
1017 237
253 179
874 301
693 200
84 64
1067 101
843 275
484 150
607 3
352 224
1430 61
335 319
412 182
900 238
1166 142
696 175
1468 194
741 28
1336 53
1429 357
620 102
136 94
813 52
380 340
800 32
586 376
222 104
1442 245
1461 311
711 183
1244 70
627 40
925 85
856 308
1038 148
327 80
529 281
719 104
62 166
316 162
585 334
872 336
1202 126
1194 204
210 361
408 335
762 7
841 318
762 207
915 120
1165 227
89 342
418 38
1244 246
753 200
694 96
160 184
1369 57
454 48
194 243
426 247
1011 323
672 210
335 146
802 32
964 329
1435 116
471 279
1193 329
750 199
163 357
753 332
266 86
30 328
845 9
1428 268
1050 140
1225 184
1132 163
545 114
1430 326
875 51
1487 79
782 139
60 200
436 356
1397 270
112 22
254 181
1137 9
1027 108
1435 70
1204 260
890 279
139 283
734 140
580 52
182 322
1118 115
437 276
93 218
532 27
882 376
1438 365
1263 333
122 224
1398 158
143 246
1040 180
1444 294
682 321
521 282
1151 371
822 299
1031 143
1128 349
748 323
814 39
1028 27
217 146
917 250
536 49
3 82
443 232
131 193
589 321
354 93
1015 10
619 14
1442 263
484 14
760 180
1072 58
1056 166
322 32
1009 153
602 21
901 119
268 6
605 116
1442 228
1 105
1378 238
1110 179
236 364
901 43
1091 319
1479 132
249 358
84 93
1307 353
1152 160
1362 243
792 240
374 221
959 34
1 248
753 17
1398 170
1056 355
672 222
367 362
1008 130
1190 27
830 11
583 302
497 44
1253 221
358 358
753 296
181 7
955 166
419 134
335 79
433 350
694 133
1290 262
490 231
17 35
1415 38
1433 29
1111 44
780 49
428 159
391 160
380 27
478 203
1216 152
850 198
574 182
1375 161
1171 199
763 189
419 341
582 103
1005 124
1462 64
1129 88
498 50
303 70
1143 253
326 363
891 231
1021 338
1292 130
567 160
909 93
164 120
57 282
1316 348
57 61
1066 262
1223 209
695 371
959 24
592 23
419 354
234 270
303 205
447 96
1185 103
1435 344
1327 22
486 278
918 251
1337 84
888 296
1428 309
915 53
664 337
1405 321
355 351
135 231
1452 305
1101 232
423 204
1243 214
1068 308
962 318
99 250
1468 31
765 355
499 261
757 193
667 13
583 146
1191 266
545 213
359 187
29 174
441 184
465 251
1301 284
885 92
623 310
734 263
672 334
1173 180
41 25
251 233
532 8
1056 66
739 283
1159 268
1274 363
443 27
20 166
101 294
833 144
976 362
650 182
768 200
781 52
130 21
436 308
775 359
765 235
149 160
1450 72
294 344
1013 107
165 8
994 142
1463 209
466 152
408 253
91 88
267 339
835 218
1129 143
367 147
965 25
1071 118
1116 110
415 211
957 138
106 335
1414 287
185 244
1222 356
855 150
1074 87
1434 38
1041 361
920 145
1248 205
1048 333
1286 288
77 60
356 316
1025 131
609 33
443 223
1397 59
1231 153
439 183
138 307
692 20
1333 270
622 267
485 36
1177 29
748 272
590 69
883 85
110 331
1283 217
140 223
426 97
1113 301
579 318
1150 325
522 143
214 49
38 49
1420 248
945 76
1237 96
462 18
1167 249
256 175
1112 75
261 169
547 280
904 46
8 376
276 77
989 331
191 254
1055 65
836 126
872 181
325 61
327 214
448 109
1404 135
800 278
1200 69
17 14
81 123
1310 36
183 18
292 157
1243 345
195 90
721 301
477 168
60 71
811 369
1259 125
703 24
1133 4
786 217
28 104
1282 186
1440 290
328 238
817 40
406 7
514 300
489 112
1245 262
209 121
666 42
77 67
681 144
326 32
507 77
471 346
566 179
1143 170
1142 324
1445 32
401 176
11 179
219 227
1176 167
238 95
270 162
440 132
1446 225
400 137
1012 243
1146 311
1411 122
1024 35
737 265
721 59
951 38
1198 224
118 6
438 202
4 135
42 238
1336 331
705 183
1280 320
913 20
525 273
684 219
1269 300
705 307
594 224
143 253
1078 86
1418 296
178 335
1364 134
728 259
221 22
553 194
501 361
1297 257
1044 355
399 215
540 117
961 234
468 20
723 238
1099 63
1427 355
310 367
645 38
1211 232
819 156
135 78
142 231
1240 179
340 278
582 351
736 152
254 86
767 52
925 185
1080 108
1330 327
354 307
1481 52
78 59
45 321
1020 121
1445 90
1071 369
1415 140
696 227
665 95
301 73
1262 221
691 270
1236 277
1154 361
1397 76
49 337
147 23
95 21
449 4
1096 73
764 89
135 44
921 140
681 165
718 58
1154 110
342 261
1037 150
3 211
19 27
624 167
505 206
740 7
313 367
665 261
625 147
698 33
639 100
160 306
578 43
910 104
1098 170
1497 158
146 153
201 103
480 349
1115 176
836 84
300 226
147 325
432 152
903 32
89 58
14 72
1086 162
235 72
991 28
28 34
628 214
492 83
533 145
1152 137
1374 215
175 182
1087 221
884 114
1167 66
153 214
880 13
850 196
97 347
785 285
349 208
976 269
234 115
45 212
727 78
1437 335
830 208
1349 18
1348 72
194 317
1141 352
178 186
692 270
548 240
749 94
1266 50
1241 352
543 357
1350 196
2 49
915 14
510 366
676 64
1082 88
284 80
498 126
1107 81
336 262
987 146
1082 291
1360 159
1121 216
24 172
427 74
397 343
1500 99
396 335
1463 286
1213 150
802 29
448 17
266 189
1227 356
508 165
1091 303
1381 137
1036 148
1094 82
1123 34
255 59
463 283
946 177
1142 76
181 151
230 111
502 94
500 229
301 153
1472 177
1292 288
253 188
137 226
548 206
815 43
50 61
107 132
61 122
466 85
1291 143
80 340
1338 336
1092 135
379 348
903 289
1085 28
1028 258
1266 80
408 10
503 231
524 193
669 123
80 84
314 253
1119 326
475 323
641 13
856 214
215 166
635 197
325 25
597 42
1430 10
407 3
763 52
1054 333
686 296
707 357
1483 59
622 345
653 150
184 3
413 205
288 324
1218 164
1301 161
766 175
392 137
461 244
74 329
1293 301
172 310
701 262
111 249
1190 209
1013 161
1460 119
1163 28
1246 12
911 37
380 191
1119 265
1038 15
667 145
119 132
234 170
8 353
1253 187
196 287
672 26
1207 78
453 152
74 124
69 157
948 175
196 144
1381 341
1142 96
682 263
482 207
756 264
1022 313
77 82
1200 287
1276 215
668 97
481 366
405 81
1109 174
595 240
1131 217
299 184
171 204
642 42
563 374
65 235
99 374
357 276
937 158
1451 32
1080 175
1292 148
281 11
872 191
758 39
1371 344
330 170
747 326
636 331
647 324
858 139
1282 50
1456 92
961 300
1167 355
913 46
1110 294
354 202
18 155
862 321
347 143
1052 8
1375 343
113 155
759 364
324 60
44 171
455 325
149 113
921 270
851 333
867 16
575 13
555 233
28 358
13 74
1187 242
759 166
17 192
1391 9
343 67
693 348
289 334
787 246
643 374
65 138
373 95
90 267
448 320
1178 245
483 273
1180 25
1059 35
1455 70
878 73
720 122
1422 42
821 7
234 144
788 166
1326 38
23 25
866 27
960 52
598 188
355 371
1235 269
51 83
1274 328
1425 142
353 217
1029 88
1199 48
1431 271
49 331
1 228
417 104
337 269
192 356
355 263
1071 296
18 166
1002 171
1128 299
1214 272
10 6
124 174
460 75
1199 283
1200 310
337 303
303 196
104 311
472 138
736 88
404 147
1254 175
708 254
1056 61
262 375
344 125
1414 8
414 7
1000 163
152 107
1066 273
1360 66
850 331
877 68
1130 369
716 339
503 1
1357 197
218 35
745 349
419 277
309 140
1370 370
165 106
751 346
1310 76
346 45
1381 302
91 368
1145 318
645 294
815 49
20 68
1342 184
733 354
1450 26
259 343
518 138
119 270
588 67
252 54
522 95
988 167
811 154
621 140
1091 334
362 209
576 179
836 370
1344 177
938 92
117 362
433 227
1228 346
1102 156
1213 190
1234 95
787 349
588 20
663 64
1345 10
36 38
556 60
1212 205
306 359
50 59
1316 70
1220 83
49 264
567 58
1344 96
1118 228
1162 286
1332 28
469 312
1128 270
1482 337
1485 341
73 221
1237 280
218 37
1121 147
684 210
384 356
543 332
1309 222
262 307
1307 269
730 87
351 203
415 235
355 6
660 106
164 45
867 367
1130 55
1150 342
1373 10
322 41
658 200
466 81
1089 302
362 154
418 216
140 154
571 196
658 171
1043 323
1278 176
709 42
1401 250
570 43
1099 361
495 76
1007 73
852 367
309 127
190 332
212 80
193 59
141 203
694 65
1187 287
577 51
468 289
271 168
405 352
1288 331
1078 359
291 351
85 14
122 87
321 185
180 267
938 248
1487 95
1447 96
1095 96
1021 22
360 53
76 113
1003 136
203 197
1370 211
1436 333
907 121
1097 165
381 134
1232 26
84 157
944 81
901 17
270 277
696 227
878 301
841 97
1060 349
437 9
1198 348
1350 85
121 328
1447 344
352 230
731 104
1101 22
1021 314
141 228
439 237
616 152
1336 57
59 148
590 76
1139 371
1058 113
126 287
761 257
1305 136
773 133
354 116
84 294
1185 155
373 314
675 57
418 304
1343 233
1186 318
1137 212
442 287
263 214
153 43
1061 16
754 254
115 46
680 148
340 340
829 36
444 155
841 232
1003 206
517 169
1369 359
216 309
1211 11
873 360
338 244
1018 62
232 78
734 216
80 64
1264 291
333 232
515 285
1381 361
862 353
178 188
1383 350
1121 316
686 178
1170 125
1491 123
67 201
476 229
249 156
254 350
482 41
1464 280
1050 81
1174 306
1014 252
369 297
1169 88
1344 59
1050 89
106 261
1116 2
1387 363
1288 207
137 349
134 5
803 145
1282 252
1397 290
1070 264
20 215
1435 202
307 365
721 181
1379 208
543 270
522 67
725 237
1338 240
1263 238
89 256
525 110
97 275
803 357
524 259
926 372
1145 185
283 159
1431 348
771 307
1043 298
1002 134
801 234
1491 29
536 7
105 54
1136 304
336 160
905 224
1334 9
1282 27
87 178
616 63
1407 125
459 27
41 69
1462 299
811 329
462 73
703 363
547 182
49 338
1143 212
273 219
113 346
299 362
444 349
1472 210
1017 111
984 315
1485 334
75 226
1495 238
607 145
1410 279
911 241
802 117
991 6
1254 195
1265 94
1358 5
926 187
226 38
1358 197
1176 338
141 79
581 9
679 137
606 269
294 113
169 238
1030 180
214 344
1489 26
384 155
611 274
933 34
866 342
1056 44
1044 315
1298 28
684 263
893 254
537 222
196 345
1245 62
540 222
704 159
543 133
606 152
1258 125
970 36
1439 113
398 256
24 308
221 111
803 250
1079 77
1338 362
1011 136
534 141
290 206
303 297
658 209
1102 69
441 30
344 327
137 270
415 122
146 186
1324 28
157 309
505 8
125 178
638 299
480 85
947 313
725 127
1076 2
1325 39
1429 189
1098 233
116 36
102 174
1149 91
319 175
1475 82
518 215
998 152
808 122
1359 136
98 173
1214 95
910 134
453 24
249 202
1366 47
977 39
79 190
826 66
200 227
1397 269
27 151
6 297
1356 141
1205 270
1369 29
118 259
1489 95
1368 250
1254 127
675 307
1017 6
109 357
1217 311
745 95
310 297
327 360
510 162
791 298
854 242
1386 32
470 353
201 14
121 194
1260 228
1200 242
452 284
101 356
1329 190
527 318
110 233
485 261
598 356
1242 163
840 217
808 104
802 279
629 50
518 123
966 10
1497 165
