700
12 175
29 8939
45 9757
19 1385
35 1976
19 6395
21 6070
7 1634
14 6082
9 3265
11 1202
4 9201
12 7629
27 3675
38 8668
24 9608
47 4774
30 5186
22 2448
1 9734
25 9202
39 1415
45 6968
45 8746
2 5718
44 6196
21 479
33 5744
22 4084
43 4489
33 8757
39 6826
14 2668
19 1460
11 6427
45 1264
26 1451
34 8485
17 9146
50 3101
5 2048
17 499
17 3537
36 3157
2 7214
8 9180
50 6797
20 3321
40 4111
11 1978
27 3330
44 4325
7 9303
21 4820
49 5710
29 5044
12 243
15 3984
6 5990
31 5213
2 3973
41 923
47 677
32 2344
18 7583
3 6551
46 9231
41 2591
46 6773
34 536
49 2367
38 9888
2 1529
18 2955
50 2376
29 7902
12 4742
27 3050
20 5334
17 8617
36 335
29 8209
30 1264
34 5484
46 3695
32 9243
15 3803
28 2282
29 7169
17 1067
29 7151
17 1190
15 7386
15 7063
50 4337
44 7131
15 3182
27 6538
6 8813
18 2632
3 9756
30 8564
20 1449
12 2602
45 3662
43 5145
42 7845
29 6683
1 5610
42 9103
9 5352
11 8188
8 136
31 9400
5 8921
20 9189
33 6772
2 8257
31 9458
12 2300
26 6911
24 5398
19 6087
43 1104
46 6072
5 6167
6 9767
22 186
15 433
42 4055
13 4094
10 7049
15 2455
30 9394
50 9499
39 1888
43 9250
6 8739
23 1773
12 4768
26 7681
37 831
9 5578
27 8284
39 6737
33 4254
40 8547
42 1716
1 3141
36 3342
36 5838
21 9644
43 1450
31 9302
34 4480
17 3455
35 791
21 8637
5 8204
28 3897
42 861
32 9734
8 779
49 2705
37 4500
7 7251
1 4961
12 2797
33 8511
5 5211
8 5487
33 7209
32 6329
33 6627
45 7711
20 4784
27 2841
42 4476
34 3290
43 3094
35 5136
13 3713
17 2162
34 8415
49 9827
9 3166
14 4809
18 8646
26 812
40 8189
3 5210
13 4850
47 5338
46 8604
41 162
33 8583
21 7556
37 5601
34 7217
20 5043
16 9042
36 6492
1 566
30 7828
10 9755
41 4047
8 172
32 5565
46 3845
17 8014
1 2116
41 181
43 4402
32 7722
34 122
29 6759
42 1855
33 2528
41 5342
44 1419
19 637
49 1938
19 1211
24 7315
14 4599
40 6167
32 1978
20 2966
33 7849
45 1749
32 8336
21 3415
2 8093
23 1
19 5235
44 2852
14 5266
23 7522
44 5310
44 9332
6 9616
13 9753
8 349
33 4758
45 1704
21 4830
47 9649
22 5937
27 4362
19 6368
47 3817
49 9436
29 1288
43 2176
32 7955
8 8231
21 5263
31 6158
23 9401
2 692
21 7739
19 5242
24 8392
38 2665
8 4482
9 8298
48 3500
19 9082
19 7989
43 4346
3 2719
40 5390
48 8874
44 300
2 774
3 9389
12 9257
34 9932
28 4724
22 5700
24 3176
47 4556
22 9099
39 8751
32 6855
23 4625
30 1346
41 8477
39 3194
5 1464
27 4212
4 5787
26 8528
15 7288
30 2872
19 4739
42 3871
27 8890
39 4660
13 5714
3 9812
22 9755
3 4006
26 9373
17 6300
41 7311
17 9574
22 3816
42 527
17 9123
17 7404
8 5182
13 2269
33 7594
36 8954
8 4954
28 1056
14 8733
36 2297
9 867
21 6529
34 5974
50 6514
7 286
38 7410
31 7348
29 1283
18 9038
45 8298
50 8611
8 5768
38 7653
31 4635
7 7279
44 5280
37 4148
11 4290
27 509
34 6033
3 5069
6 6123
43 7955
41 6703
38 6025
33 5013
41 8179
8 3029
31 1234
28 3709
28 7516
10 2592
31 4061
27 1240
40 9737
38 2871
3 1639
34 7926
18 6017
13 7514
12 9627
49 2579
16 7795
11 6282
24 9037
32 7674
34 4861
7 2781
35 7627
23 4578
3 5916
38 9690
11 3989
31 7320
6 11
17 5828
43 4711
19 3194
42 2370
26 5013
14 3385
29 2451
18 9181
15 6047
42 5803
41 7662
36 7765
34 1679
43 9277
34 1338
46 8544
39 7950
26 8868
34 9557
3 5449
11 1775
23 2511
18 2369
20 6687
18 3476
14 8535
41 4477
44 3408
33 65
12 7209
15 4876
7 4366
49 8488
10 1591
31 4625
7 2108
18 8672
31 2790
30 213
37 7419
43 769
7 3714
49 4610
36 9462
38 9986
10 6744
29 8484
5 2944
30 1240
42 8493
7 7544
22 485
43 7916
20 4978
9 314
29 6062
24 9375
23 8938
39 1085
4 2685
16 82
16 9351
21 6512
42 4298
16 5351
10 8332
43 8442
10 3771
3 1368
23 6350
21 6719
18 953
35 126
50 5996
16 9773
47 8181
49 3731
27 2704
29 7642
13 3452
15 1112
40 9321
46 4066
16 4595
30 1174
25 7964
7 1094
6 1673
48 4657
4 2065
11 129
15 3278
11 1591
17 2413
30 2844
23 9419
12 3913
37 7768
32 4280
45 8821
50 7161
31 5976
27 8773
8 3825
50 762
7 8694
4 1506
40 3709
46 3786
45 5972
10 2769
35 3988
25 7410
15 6486
17 1320
28 7953
5 4855
1 8056
44 6384
10 9373
41 1144
10 9873
45 9134
42 8317
10 4953
23 1992
36 8216
20 6598
10 4277
4 4680
20 9981
1 3439
46 9635
13 4769
22 394
3 540
13 6521
33 7678
39 5215
26 4336
33 7954
44 7633
43 7662
7 3704
20 6268
30 4828
17 6074
19 2701
46 8095
23 9656
17 2827
29 4717
14 1899
28 6706
30 1837
46 3207
43 2497
1 3809
14 468
10 7096
40 6676
42 2512
22 26
31 688
35 5189
27 3581
8 3996
43 8876
12 7231
40 2133
33 7772
39 1000
25 2957
27 2196
7 6084
47 7988
28 5606
6 2980
32 3764
12 8658
38 7086
20 4331
22 6495
4 612
8 2842
47 9794
34 1689
42 543
23 812
5 2326
28 6652
33 6531
2 94
4 226
31 6108
37 2087
16 5954
21 7308
9 5191
1 4877
20 6380
44 6503
45 2344
24 2359
6 4197
41 6033
1 674
38 2409
38 8120
10 5470
14 4678
4 2244
21 2847
47 8324
9 8020
8 5170
25 4244
19 6867
16 265
26 4223
29 8365
37 6513
46 3154
45 2921
47 5653
35 2209
4 4399
1 5729
26 6086
25 3444
44 8771
16 6805
7 6615
17 5477
33 2047
16 2826
43 3900
48 2213
19 2441
29 6520
39 4359
39 179
36 7037
49 9696
7 8929
47 6315
1 6766
12 3445
16 3919
25 8653
37 2127
24 433
32 9435
24 7925
35 9351
12 2188
1 3607
9 2339
28 2832
50 285
31 1924
35 4418
39 1235
47 7462
37 2431
27 5533
24 8522
2 3110
40 6727
15 21
16 5492
22 6164
40 7367
37 3983
4 8092
41 8530
3 1014
35 7811
16 9448
14 9622
45 4901
7 1424
32 1325
26 3718
14 8521
7 9482
20 7853
16 1735
41 61
6 8413
17 7756
2 5614
38 1653
16 4785
3 6097
12 1224
13 9400
2 9251
26 7338
11 8963
49 4339
7 6421
2 6854
47 8941
37 3062
23 9653
24 1270
27 6592
41 6927
44 6787
15 7490
9 1071
32 396
27 9681
11 8386
44 914
26 3858
2 4316
28 5777
24 7516
35 8242
34 8107
3 1335
23 8218
14 1623
26 4524
24
745 2
278 73
259 502
972 384
233 297
723 609
423 554
1116 183
324 649
1183 696
1355 388
613 469
370 323
163 467
417 118
404 406
56 288
1159 415
923 425
363 25
1476 76
866 282
1219 390
1047 574
