612
32 5063
2 6359
13 887
10 5393
21 4365
19 5922
20 6244
7 2700
28 3161
45 6773
24 1185
4 7484
48 794
8 6661
3 4107
23 9881
22 1094
9 2344
15 3468
31 5034
17 9318
32 1969
22 3398
38 9525
12 631
39 4219
2 1999
40 1843
42 9343
49 3056
38 6300
15 5710
40 3633
17 4536
47 9550
35 3089
28 9159
4 2657
49 7734
7 1376
3 2194
36 3248
47 442
11 1518
47 7208
39 305
23 6133
36 6598
33 6967
47 5523
33 9883
2 1785
42 2143
36 9729
6 2126
38 6060
44 5169
17 1675
7 8960
33 3261
10 6123
49 3420
18 6640
17 3345
11 5984
12 5599
47 7483
32 1377
37 9337
18 760
27 2174
45 7122
25 937
1 6897
3 2583
45 1103
36 8858
22 5689
38 6424
40 7047
1 42
23 3943
15 9736
14 6079
23 6240
40 4570
37 1316
12 1085
36 6469
44 5510
18 239
20 3047
36 1871
29 8898
4 8844
30 4037
18 5869
24 4527
31 2599
24 4868
19 3739
27 2272
3 4952
38 3739
43 2576
37 6802
14 5992
44 6274
19 4784
3 1314
42 5063
8 301
9 2047
45 794
1 3136
29 3353
15 9969
17 9058
10 5591
43 6573
6 168
20 5518
23 6065
34 4644
46 3340
30 8665
37 4944
43 2751
10 6680
14 3395
29 3908
8 9013
18 5965
15 809
18 2170
15 1368
1 6575
19 5412
22 9924
26 4976
11 5072
10 9417
36 216
28 5228
44 9443
18 395
36 7283
41 1062
23 8278
37 6653
45 2992
2 8833
28 7853
37 5262
9 7439
37 4901
28 6034
24 5395
16 1877
2 361
42 4727
4 5750
13 5068
30 4319
36 3902
15 2772
44 1129
49 5107
4 341
21 9389
4 6821
2 7819
30 7228
23 1337
23 9254
30 6330
25 5386
8 8218
45 6079
24 1873
40 2959
45 9588
30 5924
23 2584
6 3700
48 1691
6 8964
28 9918
22 8529
42 1897
20 3495
39 1762
28 1671
41 1109
34 4755
15 8527
13 5586
6 6985
27 6387
22 1532
3 504
25 2932
22 8614
26 5023
16 6109
5 3848
11 7227
1 6086
15 6376
40 7478
19 5757
38 4219
4 8099
50 5440
6 7416
15 5293
1 5160
6 5054
37 8017
28 7780
16 5506
38 8821
46 7295
10 7914
3 4502
28 1383
49 5131
12 1600
34 8651
39 6228
9 237
16 8889
34 1508
42 2816
22 2913
47 8911
14 2068
37 4681
23 266
11 2154
19 8062
8 4904
11 1125
5 4004
25 9814
6 6279
46 9122
47 1197
25 182
34 9912
10 9483
33 9527
40 6719
4 4803
17 4162
22 1136
6 2892
40 6387
34 3467
44 8165
35 4838
12 9793
32 6330
35 2288
17 3569
27 940
29 8988
38 5510
50 5840
30 6725
33 9899
45 3707
7 1666
38 6459
10 3905
25 641
4 8179
13 405
16 9931
3 3814
9 4527
12 4935
23 5865
16 3094
37 3011
25 4791
43 6233
35 8652
23 9761
46 1379
26 6169
19 9476
23 7976
18 7597
10 6614
12 9106
48 1454
24 9097
45 1839
38 7793
38 3197
50 313
25 2460
5 5589
10 8630
21 7581
21 9881
38 3688
45 4127
4 9349
21 1996
35 8127
38 5952
15 478
49 8480
28 6228
7 4892
41 666
15 8130
11 1278
5 7298
43 1546
35 792
32 2353
33 6473
43 3600
7 2373
19 1022
36 9038
32 8922
38 5654
27 6577
11 1832
26 7193
34 7785
30 9492
1 5330
20 833
32 7211
11 3108
16 5556
1 4382
11 1183
42 6239
22 3177
22 9463
30 4402
14 8227
43 4263
12 3205
33 3611
46 9304
41 6712
36 7976
13 5843
5 4304
11 5244
36 7748
25 3218
19 2094
45 3034
31 7544
14 7245
2 2749
10 1938
31 1276
44 1357
43 4345
47 9240
1 2402
17 6102
40 8822
32 383
20 8160
24 230
6 9116
11 862
37 3785
39 7737
42 5270
1 7758
43 6345
11 9135
33 9330
46 3062
20 1192
33 5891
30 1261
43 6213
14 524
45 4744
12 4771
44 6285
44 9207
8 1412
38 6912
14 9415
19 2644
45 1205
38 7986
30 7133
45 4027
13 2324
8 7874
8 536
32 4502
16 5459
10 1432
4 6560
45 2752
28 2768
49 5508
37 3781
6 3036
50 9292
42 6743
25 6189
34 4704
7 7871
47 3730
38 6168
31 1955
35 1468
39 7604
14 7626
38 8132
48 1318
30 2607
18 6514
25 5320
49 8598
32 5655
39 2625
7 6116
20 2731
44 2507
25 7249
37 7994
2 1802
9 8652
10 5263
34 9373
48 4581
5 9245
41 2163
44 1685
42 7918
30 3413
43 1832
46 7792
39 3195
22 2026
37 3948
38 1542
7 5072
28 3772
22 3767
3 4920
46 3263
25 2923
12 9223
47 3476
17 7290
14 5031
40 3829
6 4994
4 6865
34 6831
33 2814
25 880
35 6275
34 613
14 7786
25 9345
28 5139
16 1436
5 9539
24 1502
45 5093
42 6700
16 2799
16 6507
26 9601
24 5040
31 8584
25 6294
2 5405
1 5889
15 9192
47 478
50 6941
4 9488
23 2750
26 2580
33 4996
26 4002
14 2489
29 6007
24 7685
2 7017
28 8021
15 9899
44 3240
26 908
3 6040
42 3350
7 5792
10 7916
22 1977
16 3241
6 8769
15 5384
48 7573
33 6672
38 2895
48 8492
13 1452
12 1858
46 6665
33 3686
11 651
7 5365
26 1065
1 3086
20 1137
5 6540
35 3162
43 9676
2 2890
15 9989
47 6010
31 3423
33 2601
1 186
1 4073
31 6987
42 8993
31 2691
50 8259
45 8810
49 5346
17 500
39 5131
42 1800
29 8012
15 3833
2 7827
10 7724
49 6061
30 5443
37 7547
50 3375
34 6347
4 1387
40 7172
43 4619
14 9396
41 6019
8 7075
34 7545
7 5243
32 8387
18 7558
18 9063
14 7202
20 8470
4 3266
49 8702
44 7679
14 5872
9 2016
8 5888
31 2314
15 287
27 7541
13 5390
31 1876
4 4116
35 3218
47 1707
27 746
2 9242
6 21
13 5621
28 2480
5 3250
15 6781
17 3125
13 8675
35 4762
26 9439
17 772
43 5952
19 7001
19 4221
21 3585
32 1680
45 3100
44 1986
38 4254
37 8046
19 5914
42 2625
9 6051
43 8606
4 1812
12 2334
33 5136
12 5322
3 653
43 6707
44 2131
3000
123 411
151 104
87 24
1002 346
1062 420
190 561
1343 234
55 347
863 404
1140 109
446 223
835 475
32 281
1434 13
840 368
955 267
569 518
476 132
686 335
736 335
1096 450
616 382
354 410
973 92
609 357
1055 162
1034 202
1262 582
420 44
446 37
939 48
1428 443
1191 148
218 424
913 437
880 438
410 356
203 342
71 495
1163 144
1136 263
903 440
174 154
638 566
324 409
103 424
897 317
643 12
1211 111
115 114
1010 532
10 515
340 46
1071 222
145 225
168 173
1224 242
112 30
539 192
1398 493
839 210
677 359
1269 546
595 188
1272 335
676 474
1169 516
177 234
1057 302
776 200
622 513
471 554
465 127
1374 267
1146 15
928 458
408 208
169 317
598 367
194 31
1360 205
100 119
1315 28
766 293
926 67
377 224
897 187
1040 296
536 155
263 386
1456 90
552 358
1053 249
871 49
948 475
1024 598
1145 543
261 140
704 446
1479 340
424 338
202 572
929 25
1043 602
1384 199
1038 135
1096 210
735 153
976 169
397 8
1265 562
12 553
1401 96
639 455
758 451
879 125
1259 519
1202 518
811 300
1376 191
1175 331
1095 94
1326 335
1269 247
988 548
991 22
709 565
817 156
18 576
1226 345
1343 23
1088 491
197 345
1022 216
184 515
795 112
433 556
1333 525
292 605
920 421
1290 239
1292 299
846 23
179 124
173 550
530 472
883 404
450 457
1184 206
742 419
210 77
1482 226
618 585
620 80
5 502
323 65
23 471
494 440
370 43
584 398
1464 156
557 65
896 605
679 250
1462 117
494 506
597 13
1082 582
1395 192
1177 12
18 523
1162 227
1202 205
1386 139
1035 1
1369 268
1150 212
146 517
321 193
1382 470
556 39
963 405
1453 22
248 411
228 384
199 194
970 13
644 507
1370 471
1280 562
1395 403
375 346
279 409
1009 609
1389 502
1413 343
425 242
1412 396
1346 558
358 82
670 544
567 196
323 397
1302 122
546 337
748 251
109 71
201 219
31 333
1053 402
1496 511
1443 544
962 610
374 283
522 607
498 441
231 397
801 292
1168 151
680 118
80 192
1267 424
962 501
376 63
234 294
98 138
1242 610
1033 68
892 321
80 604
600 69
1064 294
700 471
1015 412
1273 446
445 318
138 30
821 27
197 611
399 125
941 518
1430 564
148 105
1430 536
824 272
79 364
713 99
1096 324
741 64
1095 400
1131 374
1352 408
1145 410
1247 509
65 125
307 85
197 559
785 456
1387 327
191 431
664 398
1193 476
965 592
1465 330
556 99
863 309
1311 488
1371 563
697 156
914 40
1177 157
1129 81
372 136
906 30
712 259
479 137
1215 383
1336 12
221 171
711 144
883 106
1407 532
1194 583
628 239
1254 172
1140 188
748 533
963 427
1109 398
525 539
485 128
64 285
671 253
53 582
505 401
1188 34
1064 34
1487 307
884 573
395 439
930 523
1051 366
631 559
116 376
757 379
563 490
487 495
1415 17
429 119
1161 7
1260 321
1419 53
741 120
1256 470
56 570
85 241
1407 388
347 105
1352 275
514 37
129 435
511 306
1141 541
897 125
348 360
523 228
662 416
417 185
819 202
713 256
1360 248
772 297
1256 571
274 374
88 281
1268 281
1269 78
1144 170
50 519
999 141
17 248
939 468
331 121
1346 50
880 424
419 296
683 78
1489 175
481 27
1357 562
470 441
1011 350
827 521
369 177
1042 441
703 392
742 550
185 56
373 605
1349 469
41 563
900 97
1386 116
946 165
22 110
1243 1
510 461
445 609
993 477
1270 539
1341 132
639 260
1143 46
520 70
1260 479
286 83
712 35
836 482
982 411
1428 147
45 403
692 102
1398 583
991 559
1026 111
1500 108
427 430
534 470
296 202
1192 152
1191 574
1100 21
183 151
346 335
647 77
680 415
577 493
1300 265
1423 191
1279 401
1137 367
1205 139
1346 535
1055 557
1487 576
1409 240
100 414
270 515
29 402
398 151
1294 36
1435 66
1283 315
512 595
637 311
859 492
606 294
714 590
40 532
725 411
395 572
1107 133
930 477
14 133
1358 422
1153 101
1315 250
1189 312
841 346
1397 61
887 307
1005 559
432 395
172 274
1200 54
1427 356
270 549
618 244
150 291
659 537
396 283
462 39
1489 279
1398 405
445 224
842 402
439 64
892 467
93 473
1118 61
867 435
1117 42
696 305
730 390
152 283
1413 322
1381 580
602 147
107 535
1167 204
357 293
325 559
1282 585
1283 372
131 540
1465 202
324 512
1293 479
702 371
671 132
777 395
900 351
1203 474
169 299
1087 512
909 167
1064 444
1086 203
169 545
1454 547
743 72
1499 570
562 611
27 109
508 557
533 222
437 340
96 329
434 415
759 18
1214 341
238 439
549 594
1195 484
687 223
851 472
199 476
648 147
196 401
312 290
1271 481
358 38
797 590
1440 331
1060 435
48 276
1390 571
655 175
1348 269
1490 50
1476 416
1252 586
978 548
595 152
993 510
459 163
518 481
633 379
1436 22
755 68
1392 277
1338 394
1172 123
711 524
1332 215
460 163
85 271
1016 534
483 400
1122 163
1059 487
824 15
105 172
1309 18
558 271
1235 365
386 112
1247 129
103 318
273 350
540 335
1107 339
576 566
490 594
1418 81
462 183
137 65
769 176
1300 363
653 497
1235 483
512 150
979 243
862 107
118 583
702 306
1089 481
771 158
741 332
280 29
462 394
1149 295
381 259
474 248
1026 288
1341 577
1422 283
1382 325
150 52
497 65
1138 34
730 535
867 340
1434 565
56 110
1066 204
478 600
915 142
1441 356
1335 555
1148 308
470 45
1455 217
559 216
495 302
292 51
683 56
728 569
522 579
943 202
1027 495
1236 589
965 55
143 545
889 77
1495 242
1236 259
1244 493
1247 402
1319 555
935 472
50 595
1299 584
1274 380
954 47
1492 153
57 577
860 412
744 505
791 546
1170 505
658 156
149 181
445 119
69 83
671 277
1224 173
973 459
1383 166
680 553
1410 244
227 304
1255 249
1177 357
1479 575
1122 604
432 591
111 149
209 582
793 416
992 174
123 85
853 169
1154 424
1120 254
1065 140
956 387
1051 175
827 328
620 251
586 483
1011 258
1392 156
964 240
582 477
81 383
555 100
131 273
228 337
560 50
518 473
1148 99
237 32
48 11
1478 391
1051 570
1401 286
909 268
1299 515
1120 548
713 595
1400 17
296 174
281 367
1224 350
1218 582
1183 438
664 260
30 538
1152 34
1370 128
1291 598
7 362
628 537
174 346
178 196
552 571
929 114
893 276
1195 135
962 242
167 86
48 295
452 399
1237 504
1008 128
524 343
657 177
271 387
558 48
1397 196
189 50
880 483
1227 385
1357 563
255 207
363 563
1451 259
350 19
1004 339
494 260
983 199
828 477
85 301
694 13
422 607
358 566
524 533
1069 247
1197 478
16 26
1158 594
112 106
618 195
1497 433
1022 28
234 537
543 29
107 571
733 559
577 453
1012 306
42 136
194 582
1368 492
439 98
931 555
366 73
1059 581
415 39
1156 305
1102 581
370 268
89 413
1106 88
739 502
215 533
1472 81
273 323
138 346
394 254
744 582
638 110
1205 36
1317 273
390 129
856 44
13 280
1275 162
560 27
1375 535
148 490
1358 189
1167 401
823 163
550 350
914 318
1397 457
919 364
720 263
983 92
1156 203
1055 215
46 375
1057 103
1326 206
1148 232
1366 148
47 144
45 404
1468 116
912 290
531 459
38 326
232 456
479 209
512 288
900 73
106 226
736 462
1287 25
1175 153
88 545
106 269
1442 69
368 27
1289 550
1406 354
1307 374
557 575
740 221
1490 317
361 74
418 200
1495 611
473 474
559 449
1104 169
837 224
839 33
1493 88
223 239
56 356
722 300
734 451
122 427
500 478
1258 29
687 508
551 461
720 202
1087 256
786 356
1435 70
1254 170
1034 569
1328 533
449 394
451 265
256 454
366 329
1112 551
353 456
1103 128
1468 468
901 4
149 287
1424 525
1272 22
997 415
249 298
529 32
857 571
1481 433
1116 438
485 193
939 206
530 246
578 589
417 346
748 128
1067 73
567 210
894 309
166 270
40 86
1076 151
1048 530
1453 47
1136 450
1271 325
298 119
987 17
1194 153
928 193
1035 582
1384 290
1054 515
498 522
406 331
1475 393
754 560
1287 236
297 274
1354 586
86 267
1443 545
525 441
637 55
825 393
1423 149
445 386
767 502
15 427
1058 323
87 26
670 394
1018 142
177 542
1271 115
677 127
550 601
134 203
1083 213
724 596
96 216
79 62
1030 475
56 176
595 222
143 174
914 443
640 403
992 241
671 143
982 196
541 219
561 454
709 507
1241 607
999 122
407 252
1076 103
979 257
1340 498
588 175
1412 539
729 542
16 35
63 567
625 224
1374 606
620 226
37 97
172 192
989 210
1019 231
36 239
1098 548
1269 444
835 288
1088 307
794 453
204 199
1499 170
396 73
52 437
407 213
253 315
774 155
203 353
511 68
446 169
1176 541
1296 541
496 32
529 147
1287 215
407 327
548 589
669 357
1047 176
985 250
800 449
231 518
377 254
691 404
667 538
1031 314
627 377
927 107
951 327
676 600
1012 396
1041 398
887 602
1431 201
1081 237
1108 329
1482 438
1449 251
48 9
1235 224
810 224
1174 233
1477 110
868 25
1381 449
204 538
841 269
1141 60
788 102
188 262
1114 362
741 367
1159 408
384 466
228 551
246 271
936 448
1333 169
360 510
1081 153
1210 57
183 80
1021 363
987 50
1077 424
796 136
394 34
604 340
986 164
382 152
974 114
1087 302
1109 70
765 408
150 350
1377 554
1451 36
420 57
1017 121
23 28
177 583
414 512
1159 189
1433 174
275 50
1066 381
659 246
904 152
278 323
14 501
646 143
562 563
1131 66
1139 364
1281 124
1282 611
402 257
1160 517
699 482
1279 483
1084 346
1409 51
1125 38
1078 86
191 374
411 148
1097 276
1389 459
670 612
865 442
680 168
403 559
1216 443
275 178
497 290
790 466
1036 284
1217 606
1188 604
280 26
1294 352
643 334
1003 456
823 268
478 576
58 79
773 397
176 234
828 366
1167 309
363 508
193 324
851 275
1197 267
1443 139
647 566
1482 187
797 78
892 446
407 110
1354 447
1087 150
688 117
1429 278
298 252
1278 275
1056 88
954 533
401 478
1395 164
441 498
1020 44
1427 55
638 61
1224 293
1323 448
322 79
585 116
679 588
998 492
856 461
991 192
798 347
70 207
331 575
177 131
956 40
439 433
1324 237
535 60
794 554
1226 397
244 444
566 235
492 157
1145 349
301 590
251 124
317 493
160 421
1424 255
902 401
211 19
97 333
44 298
283 529
1212 572
91 324
1026 245
236 50
857 443
1238 266
922 473
1250 2
351 355
885 531
1031 98
1445 241
1005 354
385 194
479 250
1397 126
47 207
65 417
290 47
744 228
95 360
911 444
169 282
129 171
1044 506
429 440
269 96
449 4
1493 583
205 565
1323 259
1218 107
214 375
594 151
119 51
334 549
557 546
190 579
471 218
1253 155
449 561
471 479
436 402
381 25
1062 256
830 553
645 592
1129 49
153 275
501 465
793 279
1358 232
700 317
900 551
363 209
771 305
1011 227
157 574
1275 396
519 68
1286 455
836 83
141 192
449 272
1326 118
341 79
661 559
236 397
136 518
424 529
688 534
1194 187
1004 493
621 399
978 31
784 476
1322 533
43 609
1373 14
490 159
138 393
277 58
7 303
1410 110
1312 343
1286 327
708 222
314 233
1494 114
1320 51
98 77
1204 570
326 368
758 89
1018 534
1465 56
1220 338
929 32
1146 275
280 54
1111 365
583 516
1296 258
1482 251
655 210
672 336
1491 462
989 220
859 170
739 117
391 291
740 320
925 464
476 589
161 583
901 389
162 454
307 453
232 460
1436 499
322 479
1126 86
385 569
1091 66
602 249
1297 22
129 391
517 109
263 562
880 556
606 356
1165 546
1234 349
46 288
433 193
553 559
1107 594
424 477
279 165
968 290
1130 12
599 11
248 226
1025 130
687 152
1367 107
1008 112
751 206
340 462
487 279
1326 572
826 243
107 35
884 571
816 607
772 424
1236 78
497 454
1475 295
1065 420
1297 471
1094 246
1124 442
1071 142
1070 192
1152 269
40 323
1015 424
1357 275
104 49
961 523
1485 59
372 369
278 205
790 578
1384 339
1347 239
1483 26
834 36
45 317
86 112
1078 144
632 90
485 164
50 166
1229 419
343 239
1101 503
1483 506
624 385
997 52
87 242
1463 431
962 99
1067 177
460 174
499 453
1341 514
457 231
1175 215
385 240
274 298
564 485
1485 108
266 543
604 532
1481 497
1430 243
846 106
306 79
201 142
342 239
717 472
574 523
639 556
1363 388
1255 496
1470 24
481 445
630 153
1075 283
215 333
425 534
1384 37
542 319
1494 362
1114 125
1325 519
111 17
874 95
729 414
692 240
1139 163
494 459
937 459
312 536
1216 589
961 116
1204 375
1032 292
821 449
1049 530
650 374
802 593
306 517
27 603
1148 422
678 219
1418 341
1420 169
899 280
667 36
105 601
767 348
1252 539
1252 334
353 255
708 351
634 51
1192 118
635 300
453 592
1023 9
1101 133
1087 81
788 44
1230 265
1484 49
464 278
967 44
876 588
966 158
406 355
531 321
675 609
303 198
85 333
1141 394
743 398
689 605
1115 18
393 261
1337 302
775 569
411 457
369 64
689 590
26 404
1251 430
184 526
586 491
1452 383
429 77
536 581
912 413
1246 91
989 324
652 174
1244 49
782 147
1299 92
991 80
1341 434
931 111
1428 398
1341 127
562 496
1365 390
1196 433
1065 256
111 131
516 297
1095 490
314 164
4 48
768 436
234 208
1384 234
471 579
789 587
269 281
1448 416
709 322
1241 508
375 359
37 258
683 515
740 426
553 551
964 459
1261 440
821 477
658 328
734 14
314 97
165 289
511 333
1255 337
1442 49
507 359
219 420
1476 353
840 167
744 49
1413 487
767 103
1108 9
579 111
1136 596
823 316
146 341
587 263
1258 502
73 507
254 459
659 236
589 45
1482 235
254 161
237 426
1317 556
346 372
329 170
269 454
1101 194
897 48
1367 46
526 187
149 608
1326 203
553 156
555 160
573 237
901 479
1342 219
1130 469
493 413
1277 40
343 187
397 200
587 397
274 301
487 118
508 182
1101 277
666 427
428 92
1439 612
917 496
1248 416
1272 551
559 48
262 138
1038 494
799 122
60 188
128 265
178 213
611 519
608 313
1398 345
1360 110
344 316
705 362
772 89
1160 591
1304 55
1288 64
488 497
793 120
516 69
573 26
800 184
545 111
1371 343
1218 376
1037 68
905 154
645 92
1088 194
1362 210
315 227
645 294
1082 403
605 324
610 332
1028 283
382 454
737 338
1465 581
1185 363
465 326
1389 307
1323 349
88 530
190 7
902 555
305 515
1162 331
1070 10
277 521
1104 299
705 166
694 261
1478 240
1262 406
964 287
412 328
545 591
1408 343
892 605
284 482
665 112
1375 149
1167 22
481 18
1357 271
1465 470
770 495
117 393
88 240
249 428
657 172
209 165
49 44
1049 441
776 485
366 600
24 263
513 577
211 560
675 120
585 119
1199 225
206 411
1489 52
941 90
666 95
620 524
14 265
448 537
1273 171
251 60
1021 529
14 559
1279 424
116 97
1330 408
897 339
1187 352
988 374
460 509
8 606
999 42
408 86
95 153
962 273
81 330
1264 16
736 185
849 331
1301 475
1045 151
590 484
268 83
380 527
11 16
1308 165
1102 62
1153 367
970 32
1001 14
535 432
1412 501
316 332
1251 67
982 434
1100 314
1445 206
419 447
1396 474
1494 164
35 305
341 510
256 16
1292 467
621 110
420 326
156 523
642 384
179 581
372 110
840 406
844 159
213 483
29 362
462 553
653 457
501 115
239 112
530 15
630 342
388 269
1127 527
203 325
1132 409
464 81
1078 373
56 531
1317 39
427 469
717 360
1382 483
1324 271
1492 546
459 535
523 306
1104 97
997 23
908 150
27 376
1204 575
210 67
226 149
411 315
275 582
214 370
181 406
1171 53
147 523
1254 202
1224 50
1128 239
1030 578
532 127
952 526
975 276
1237 32
855 294
1063 98
832 490
115 50
630 129
1005 390
289 454
865 366
1489 495
1471 438
633 199
1272 240
745 360
1257 454
630 532
899 455
1472 29
1476 11
643 29
339 597
410 181
505 581
244 337
988 292
1132 559
104 98
818 234
34 387
307 456
180 320
1117 463
807 219
188 493
246 370
1413 195
744 21
1406 501
297 95
1088 283
1311 272
336 511
354 465
712 299
1349 571
187 46
245 491
738 23
474 444
131 519
46 533
329 473
455 362
1245 346
1235 127
392 16
141 196
315 9
910 151
1033 570
743 120
1184 418
799 108
593 411
250 561
1481 167
892 540
575 450
23 357
457 443
1034 242
741 365
368 447
885 343
133 36
480 301
272 519
552 345
1260 193
1100 13
809 322
557 545
558 131
1317 212
874 458
1029 195
939 331
1055 377
584 79
785 231
280 314
1076 122
382 211
828 54
546 309
756 427
882 338
106 444
461 430
402 132
1020 97
1196 526
685 467
668 385
218 121
436 462
428 128
584 579
1083 314
1337 411
1431 598
278 322
496 149
573 344
1444 191
501 507
652 70
48 350
1233 503
1283 181
1403 390
236 162
910 106
825 139
569 378
651 569
1200 103
1054 328
1121 159
1358 330
651 471
72 519
1127 319
1097 34
24 338
263 143
933 115
1383 418
1019 176
980 460
903 380
1399 72
1085 475
705 458
187 364
1339 207
1393 607
360 471
592 102
1041 544
967 63
1253 220
85 264
562 585
1438 386
1038 314
1024 85
1335 274
924 176
716 111
1193 549
808 499
478 503
611 268
1394 494
1040 326
376 569
1367 261
983 88
524 236
438 7
765 4
893 438
934 332
591 71
1014 508
124 328
890 513
1489 359
1476 326
1265 373
839 472
635 6
574 521
1397 145
393 403
1043 264
962 146
70 120
116 444
472 179
1229 336
1211 231
702 21
74 24
10 132
1406 158
1140 507
128 402
909 497
963 100
240 6
638 31
885 65
877 74
629 493
624 493
534 392
272 356
702 510
120 307
429 86
591 50
500 587
780 499
362 269
32 29
1500 374
501 255
494 558
849 406
947 264
476 438
473 297
316 326
55 430
1062 24
963 536
807 163
1209 344
1095 170
45 251
1420 208
1459 456
1231 121
515 328
237 430
1396 13
486 405
1075 433
341 478
869 217
1005 499
1013 275
668 286
139 447
514 241
300 163
252 84
1319 95
135 546
551 258
988 136
120 406
1420 550
751 83
73 286
9 452
1227 207
604 365
593 155
139 233
1135 73
1411 271
695 423
404 429
784 11
1031 248
1085 292
1092 605
89 341
1366 569
1147 188
936 221
624 200
956 139
972 406
1274 141
619 520
913 288
680 578
1013 280
853 297
315 209
596 66
1384 66
1103 303
683 30
538 476
966 348
1448 228
1171 493
18 151
775 409
1394 397
316 252
262 599
1452 258
969 399
952 47
258 612
1020 193
151 480
463 336
358 574
744 43
586 16
718 432
333 584
157 528
915 167
536 337
472 287
112 272
1147 315
373 276
936 590
535 88
879 387
8 548
876 444
621 51
910 489
110 24
1369 415
1377 87
223 549
366 612
841 369
159 197
1149 41
128 463
803 30
45 222
574 259
1449 15
1051 109
250 80
26 392
1064 493
288 365
614 536
1208 246
1131 415
957 509
1429 382
897 221
1004 584
254 576
402 105
534 323
1187 70
919 34
190 86
413 22
827 563
651 568
1234 574
478 282
225 113
748 302
718 241
1324 523
585 88
1146 546
1163 28
110 349
1035 26
457 570
839 116
1375 350
1429 343
15 146
1231 44
31 462
389 543
1315 530
331 169
1261 254
722 142
560 401
870 381
407 255
658 481
818 352
981 157
125 567
909 238
1403 269
947 29
945 245
146 498
500 110
989 283
1185 170
391 556
280 178
471 87
309 597
834 128
1073 76
263 421
601 447
1139 454
114 596
971 56
813 50
1408 453
108 305
190 45
386 310
1377 27
1100 511
319 43
57 125
51 298
1074 533
1386 32
381 448
874 270
607 388
820 548
661 147
812 74
613 72
533 61
315 232
633 530
1033 106
812 566
478 332
476 327
468 229
869 170
1459 344
756 223
179 126
1266 601
1484 339
744 228
1297 330
657 236
1182 129
143 217
1123 542
260 377
330 60
205 444
1474 492
403 333
1095 161
601 593
215 56
193 141
341 453
960 29
1229 592
375 500
567 433
559 69
970 26
848 100
234 517
1373 154
662 355
223 523
1403 331
1246 113
1134 517
237 456
1040 272
486 557
1273 53
419 522
265 123
38 325
1320 351
151 447
1222 182
1375 75
920 538
593 111
1311 369
1420 322
1289 43
687 72
489 347
278 275
9 121
939 481
136 396
904 282
593 289
311 321
1471 409
913 91
984 419
73 390
1000 210
1373 329
280 610
1310 595
1117 269
145 120
1296 242
1097 133
1147 296
510 80
626 6
174 452
91 263
598 178
619 400
240 516
376 454
1058 376
828 68
528 218
184 551
924 401
1326 370
668 564
1459 258
353 472
447 137
1499 248
31 441
48 444
1431 454
778 601
345 327
1344 462
270 604
1167 69
666 436
266 213
10 343
1069 586
945 284
1440 328
1145 278
1028 612
398 283
187 69
1332 426
824 570
1052 59
993 321
315 295
774 31
1496 577
230 511
1177 375
1420 595
890 211
1209 22
235 90
318 157
73 511
966 241
1086 324
237 439
20 91
102 13
1436 317
1352 219
998 90
1131 402
422 530
395 106
1390 582
688 189
856 472
1205 459
1473 396
629 527
360 409
762 501
317 158
767 323
907 426
326 17
184 241
1494 341
910 599
1420 554
1334 50
462 111
459 557
1174 297
1011 573
1473 538
545 140
86 476
621 213
11 161
1145 392
383 221
142 195
1021 552
706 412
362 240
121 580
1067 456
104 161
1290 385
234 533
416 305
1262 477
1250 579
419 581
1301 338
856 295
955 464
973 2
893 219
621 408
819 9
544 70
176 464
934 371
424 50
1469 145
1141 113
421 483
260 177
499 518
883 187
365 290
766 287
1114 560
391 121
1492 456
1115 424
482 5
149 136
1108 108
1445 403
107 278
1486 270
1492 257
93 108
1437 488
1173 522
483 291
1282 195
1474 265
842 396
1185 207
924 155
639 390
570 390
1229 357
192 562
1376 266
835 50
1167 162
44 209
519 313
1455 481
1330 194
1488 552
799 288
109 231
963 155
40 200
1365 452
933 279
17 8
223 488
64 171
1025 324
838 205
104 51
336 363
790 595
211 225
661 32
668 527
1471 203
211 209
1442 545
1076 168
959 112
1353 534
349 315
1454 536
1355 385
102 387
1103 99
808 261
290 563
1112 99
440 515
906 460
1330 235
1298 461
365 263
607 46
684 260
557 539
822 411
1362 7
615 592
479 363
264 183
822 422
8 441
1417 67
497 166
1275 485
79 90
595 120
1180 144
1301 533
845 386
197 410
903 358
854 151
1025 576
1369 573
615 469
488 404
762 335
1167 559
593 201
319 590
1283 405
102 375
176 156
17 163
1048 81
348 215
1028 465
457 61
52 310
73 537
746 465
58 34
159 239
313 174
1463 267
1388 213
369 209
995 366
745 137
1147 367
1461 480
422 197
91 107
583 62
557 320
564 286
1177 435
1255 28
20 435
1063 388
771 498
1369 32
152 158
642 542
1052 484
1276 411
37 554
1142 238
1374 68
1422 516
954 181
492 237
235 353
330 428
753 570
462 247
1261 164
430 5
245 480
1226 399
803 146
663 578
1189 468
593 169
763 459
243 339
1313 377
1018 460
192 546
1107 32
176 174
461 147
46 30
1247 51
1181 426
816 148
805 242
467 79
1192 72
892 605
799 182
1034 574
897 498
210 231
662 210
1114 237
951 267
931 179
1315 484
302 82
1230 523
778 9
530 603
451 209
1413 400
810 488
718 397
258 410
933 158
1236 408
89 98
657 484
379 96
653 146
111 506
958 119
59 230
1063 154
1256 516
1041 216
95 145
1211 10
1363 210
896 499
550 504
247 452
1315 377
77 336
1314 529
523 148
1491 332
615 591
135 473
117 374
992 395
1419 480
1227 55
1448 268
1340 386
672 281
1376 332
357 103
162 278
322 304
1391 257
30 28
69 518
1396 374
120 514
1202 441
1084 166
385 417
852 101
1098 398
665 66
38 278
1182 2
993 196
815 11
631 113
507 155
918 109
318 388
1379 86
761 72
816 169
501 3
1436 555
368 582
196 421
7 215
821 380
111 454
579 29
175 38
97 593
554 319
1187 207
517 269
1363 452
506 308
810 136
1152 281
981 523
867 246
743 193
224 9
1014 504
99 129
1414 270
912 85
785 123
211 539
679 256
1359 65
1281 213
1011 401
284 398
1025 83
1480 413
193 111
476 481
485 87
264 469
913 611
97 225
1243 591
1266 607
550 125
1378 494
1438 137
963 33
238 422
678 357
949 353
1234 577
372 244
1149 177
1397 396
1214 179
1415 200
165 202
1090 405
211 264
413 131
206 355
969 346
1432 230
1131 148
1482 508
867 370
1157 86
1442 384
1199 587
1455 56
1184 109
1331 89
974 539
1175 420
3 575
302 139
56 145
1380 296
644 213
997 516
350 240
878 356
265 323
973 221
75 430
281 55
565 582
413 253
1409 611
456 459
627 527
814 140
151 9
526 191
494 89
769 107
1191 495
589 53
1279 380
372 535
613 373
825 197
1168 337
119 315
689 124
193 270
415 371
926 562
546 46
796 574
587 371
310 45
608 260
1410 221
999 490
1427 439
1411 605
205 379
1018 311
43 348
1311 568
1328 72
1136 146
74 273
1032 136
1444 266
1062 109
371 122
852 323
882 332
1464 410
1243 312
573 98
675 391
475 42
1058 370
1004 277
978 132
1132 461
46 275
1305 275
506 157
226 121
1129 288
544 72
233 445
490 312
117 608
1458 399
1283 488
190 188
593 132
1294 315
985 314
1123 339
220 392
1374 236
427 258
522 275
294 582
1188 555
136 607
553 91
1347 584
320 195
1333 473
133 34
925 464
370 144
406 461
1021 422
751 421
829 79
1490 166
756 105
337 84
234 303
13 457
1362 252
93 217
32 466
1213 340
939 503
310 52
1166 454
815 295
467 332
180 409
220 200
131 592
1368 4
1277 40
3 483
1488 495
698 358
994 526
612 296
670 598
925 65
1309 282
1257 311
1376 49
820 519
1385 174
11 256
484 424
1171 374
1315 208
360 50
1178 98
1125 228
974 227
647 263
232 285
556 26
948 13
1319 205
639 590
49 251
305 196
176 50
1317 481
1135 313
918 329
1343 296
267 159
451 472
469 524
1144 223
872 419
397 426
680 261
1112 69
1270 545
635 76
1448 142
573 421
1135 348
82 533
182 460
590 108
1440 359
1019 566
216 422
261 21
438 50
755 454
671 569
134 288
925 140
121 285
147 593
322 387
625 18
387 442
25 592
1227 354
68 20
1112 290
345 106
40 476
617 446
1399 572
1430 576
1052 306
679 394
248 588
1061 7
1017 219
585 71
173 267
1331 41
28 262
1363 304
176 1
450 434
1391 542
390 456
1443 591
952 574
1066 216
970 177
355 316
601 414
120 581
663 293
1050 264
353 274
440 58
910 308
547 194
109 479
7 204
65 299
145 134
22 523
672 321
928 285
863 504
1040 129
1140 154
21 163
150 156
163 480
788 420
331 236
977 224
791 169
1388 405
246 517
1375 64
178 501
908 594
1050 5
19 600
382 228
231 45
316 443
942 237
1024 318
1083 146
332 14
500 407
1429 196
1289 169
150 393
1220 12
977 506
1311 374
1452 608
1045 406
174 38
970 97
228 526
316 130
78 572
1031 364
155 432
192 455
1343 501
1301 329
700 548
543 73
667 90
893 292
1123 299
171 372
993 429
189 296
1140 97
32 16
1155 527
262 272
727 9
344 455
1319 355
160 590
1228 45
1098 247
58 331
378 57
932 220
24 109
701 240
592 283
705 105
1224 263
794 553
52 226
582 73
1052 72
238 538
359 271
741 295
1321 337
63 57
1235 461
745 589
1266 278
143 157
391 347
1079 547
859 351
732 243
200 557
1121 324
545 39
22 9
766 356
829 496
164 117
26 481
1345 110
1024 368
690 436
670 420
73 450
459 482
1177 605
303 151
865 506
1193 29
1119 246
83 24
137 108
602 470
344 234
379 106
784 25
157 412
1476 389
285 337
403 568
1133 227
1275 359
988 291
1320 460
592 208
1331 174
353 369
47 255
26 27
881 175
422 508
975 370
927 55
811 128
721 297
674 536
1005 383
693 461
1492 165
794 549
853 531
1117 39
785 112
1102 130
340 412
552 147
1340 311
1432 363
944 399
