788
46 9134
31 5119
28 3203
48 3199
40 1200
43 6632
16 3554
20 6770
11 4904
11 273
41 4639
36 715
8 4841
7 1388
33 2518
4 446
13 1393
4 4326
20 386
39 6319
31 3666
6 3004
47 6949
16 6085
44 8048
34 9241
43 9288
22 6535
17 5460
3 1717
26 7210
49 5482
2 7576
49 8034
33 8104
26 1664
4 3555
18 9210
16 4030
15 4124
43 1684
42 3007
31 6575
50 4526
7 9338
21 6849
10 121
34 3944
26 6567
3 6841
21 4694
22 8089
47 8936
32 7959
29 2901
4 9066
10 816
22 9621
21 7740
49 363
22 5948
41 2602
33 8663
37 7492
14 6595
45 2993
14 1082
37 8865
7 173
18 4728
49 8627
32 8292
23 2402
47 6636
36 8593
28 4434
49 1062
32 1461
32 1629
49 2659
32 331
49 8643
12 3199
48 7135
48 1934
40 4028
12 7795
31 997
37 5736
7 553
2 8905
31 9963
28 5584
14 2675
32 3549
18 9535
6 3540
38 2018
49 3304
8 3766
17 6876
17 5265
17 9007
35 9137
10 3303
48 6354
34 1307
48 8213
35 3903
2 9162
20 7263
17 3493
7 1360
23 1358
8 1746
4 1956
50 218
48 688
34 324
26 6973
23 553
33 1078
16 3713
37 7792
42 2711
46 2073
35 5206
41 8903
34 5776
41 6532
20 2990
2 9357
35 6460
46 2978
26 5302
44 8879
24 1001
27 679
24 5282
41 4106
29 1938
32 3879
34 2459
50 5984
48 1605
50 8588
21 2667
39 7304
50 7320
1 7392
26 9139
1 9656
16 3210
29 9049
22 7665
32 1770
34 9486
7 9668
41 1933
29 8577
37 3209
16 4537
17 7273
2 9847
23 6233
26 1902
33 1035
27 809
49 7587
7 180
18 7685
30 4055
11 1579
28 1854
32 7355
4 3172
40 9146
1 7645
38 2700
26 1101
15 7825
43 9518
15 2907
27 7568
22 5698
18 8193
50 2495
49 9385
12 4725
48 5192
6 3279
14 7221
1 1748
41 6494
24 6838
14 6687
3 4318
12 3985
7 9367
3 4817
25 7124
31 8580
44 8601
29 5987
12 5524
30 9178
20 3657
17 5982
11 4177
17 2762
12 7903
15 2106
2 5875
38 6029
8 674
27 6613
43 5386
49 1300
39 44
19 3984
47 7721
8 4756
2 379
5 947
42 2995
37 955
3 8867
2 6451
49 9928
29 9381
7 6239
26 1706
41 3569
42 3410
18 6399
47 989
18 4686
29 1213
10 8743
44 2488
13 8684
35 4000
6 9751
37 3875
19 7385
31 3765
46 1365
47 4081
43 4774
19 9435
49 7830
4 7712
25 1972
40 1902
40 3589
48 3087
3 1078
40 4868
15 2576
25 2328
14 6538
4 7560
3 9097
1 6981
33 877
33 8842
25 5024
33 7226
28 8901
34 1325
10 8104
18 6568
40 6820
11 5324
36 2681
49 8934
49 4847
35 699
18 9143
50 204
28 8150
18 3046
48 3529
2 1000
27 3749
14 5243
25 3732
36 3369
47 3941
31 9119
12 4407
1 6599
31 4519
5 3269
32 4064
17 2022
8 7589
40 2765
25 6335
38 6965
13 9204
25 5337
36 9904
27 7428
27 1695
12 4193
5 6724
8 4143
22 1996
47 4791
1 4741
46 8317
42 8600
39 290
13 5909
5 8594
28 2814
49 3755
43 7839
5 3403
34 2114
23 2453
36 1125
42 8490
37 9733
25 2520
27 3886
43 3271
50 345
5 6904
36 3014
12 9211
21 3828
17 625
22 6384
44 8261
11 8519
41 6704
48 4878
32 5269
8 2468
31 9714
16 9425
30 1047
14 1677
36 5447
4 7735
17 4386
42 947
7 5493
3 9870
28 4458
36 3672
49 1351
23 6627
22 8699
40 7548
36 4162
22 495
1 5803
40 8989
25 9220
29 5368
45 668
25 1271
46 9088
29 774
1 5668
50 4575
13 4423
41 8710
7 4750
49 4032
20 7689
31 6242
46 1199
18 790
29 5530
9 4054
3 1203
36 5940
42 391
8 2054
1 1568
20 2514
48 1221
24 5025
34 8422
31 5497
11 8177
12 2155
16 9221
5 614
4 9542
10 9158
46 6996
25 3533
6 6697
48 2283
36 6254
31 9597
21 2348
33 8772
19 6800
3 2540
15 857
41 5520
48 696
40 9033
35 4311
22 6483
8 6728
33 9074
26 7892
29 2914
12 2171
10 7481
27 1954
8 8978
45 5210
27 3768
8 1609
9 6338
44 9397
6 6492
40 6103
25 4185
13 7124
11 6190
3 9540
10 2477
39 7910
8 3724
33 7167
17 3777
12 1569
32 9181
19 33
31 3494
3 301
32 8781
13 481
42 2426
11 1818
28 6794
19 195
41 9039
13 6623
15 1249
25 2565
42 2801
19 4133
50 4639
40 634
15 8225
35 5117
32 2756
48 1110
21 777
4 2697
32 9281
34 631
46 7293
50 1741
26 4366
5 2174
26 6309
46 2301
24 8419
12 8486
25 883
39 1448
34 9424
10 8409
23 9652
22 4280
43 702
38 8054
8 1650
20 8635
29 8058
20 1364
48 4475
47 8234
13 5900
6 8595
19 5345
37 4374
42 8075
31 856
2 5680
40 7111
38 7500
4 729
21 9807
11 8
22 5214
30 2502
38 7832
30 6331
17 4097
35 1178
6 3829
42 5193
1 6687
50 3982
10 1513
21 8008
4 1673
40 328
15 5014
20 6308
3 800
24 6731
38 9505
28 6197
22 5355
13 954
12 863
4 6446
45 4305
18 6767
40 5320
49 3065
4 4229
20 6769
6 9750
18 7976
49 9371
18 8168
4 8549
9 8075
20 8481
19 2042
28 8910
26 8154
23 655
40 7032
38 8116
50 7445
30 7800
23 2894
42 8908
31 8412
22 4917
1 8822
34 5570
6 8972
11 5217
10 8244
48 2081
3 5025
19 9973
20 4749
46 1292
21 7355
36 1461
15 1147
31 9085
49 6973
44 7498
5 2595
23 118
18 5756
42 3405
37 7218
35 861
21 8817
14 520
37 8398
42 1206
40 8217
18 1623
43 8910
20 9960
30 3093
48 3471
23 1608
44 444
9 5991
27 5756
19 5981
12 8308
35 8470
23 9753
31 8672
12 1500
35 8349
16 8852
44 1258
25 203
19 6093
34 4040
18 5937
25 9963
28 9765
13 4871
47 1433
49 7966
15 4789
44 4739
44 5773
22 185
4 7685
49 2760
7 7517
12 8883
49 1684
15 2089
16 4273
29 6824
7 9877
5 7172
36 711
32 9599
4 1921
49 8145
15 1155
42 2255
10 4798
45 2482
23 787
12 2925
29 4716
16 561
23 3914
19 4291
47 859
36 9604
4 1208
8 1147
30 9476
2 5780
7 7613
14 4300
17 5869
24 6111
34 8352
8 205
30 7640
36 6732
11 5033
25 1400
29 3684
43 2788
29 4116
31 4223
1 9924
28 7740
38 1928
9 7496
27 4454
48 8608
23 9439
34 217
32 2042
33 4516
42 8366
18 4271
10 3859
30 6196
27 8027
47 2967
40 2265
40 4608
5 316
14 5493
2 9389
49 8907
36 3367
48 1118
12 663
1 8446
21 3939
42 8205
48 5574
23 9535
46 8892
17 6907
47 1189
16 2030
26 4611
25 4332
14 7468
41 6455
33 3211
21 6384
37 8004
30 6555
23 531
21 5572
47 692
20 7617
37 219
31 3477
20 5326
10 3875
10 5798
7 9768
21 6032
21 1610
45 3703
38 3528
34 1593
24 298
50 6376
33 5454
3 8121
35 8783
38 4042
31 1557
45 3189
46 440
19 5192
44 2817
34 5454
5 1255
17 4602
22 8185
49 9882
29 197
50 1581
36 6748
6 8434
10 1436
35 6236
16 6604
25 6423
34 1593
32 2558
19 9122
8 4999
47 8819
14 1387
33 5853
4 5571
42 4185
1 877
28 9195
45 5968
29 4175
1 6864
29 8026
40 2437
39 5972
15 6610
34 6333
25 119
45 881
48 8537
46 8089
11 7187
46 359
34 318
28 6537
12 4054
30 1775
41 4516
26 2298
22 5540
25 3288
18 2407
3 3159
4 4107
36 6563
36 7252
14 6956
38 1171
31 4754
41 1878
46 8804
3 6877
4 8517
30 1418
7 3956
28 7394
9 1030
20 7709
44 317
15 8198
39 244
30 4520
29 5148
30 6220
15 7923
17 4387
19 5643
16 5516
28
125 481
726 571
1332 517
655 765
44 316
442 476
237 323
1094 21
471 467
870 744
69 21
970 212
20 628
240 492
1254 164
1093 259
900 50
1081 473
138 528
364 143
1129 494
497 235
314 353
1185 462
280 160
733 720
197 745
1157 312
