609
33 7230
30 1180
10 4125
38 8049
12 6647
30 531
33 8322
18 8012
12 5788
28 6442
45 5493
39 779
1 882
50 5957
3 4588
17 8296
44 404
9 2578
33 9451
27 3314
1 2463
50 4763
29 339
5 3955
11 9491
8 5697
47 32
36 2822
8 1712
40 176
2 7498
25 1388
17 272
26 9574
35 6801
6 67
7 8278
37 7659
27 8570
11 8818
22 9906
5 7031
23 6956
46 9070
36 3792
28 1431
5 8718
39 3595
46 6484
46 3387
38 657
47 7504
6 8214
1 1484
49 598
32 6408
39 8345
48 356
24 2769
35 1372
2 5530
42 1505
36 5456
1 9124
49 3775
48 7190
21 1430
16 9374
23 5017
9 4980
25 8602
16 1406
42 3990
34 5828
29 3686
23 9018
21 1420
44 2455
5 1433
27 1127
37 3533
38 581
19 6646
1 6504
42 3718
39 3825
22 8817
24 5528
25 2960
10 8752
33 5425
4 8563
48 5304
12 1802
8 9899
27 2068
16 3604
47 903
36 5594
43 9069
10 4587
33 1635
45 1109
48 5644
13 6529
46 6117
2 5758
36 7631
25 6029
25 9065
10 9901
42 2348
2 6051
4 3871
10 9433
35 4725
24 9428
42 5621
8 9570
23 525
23 9570
45 9575
3 9850
3 1837
39 7709
42 9280
44 10000
13 8797
23 7430
42 3937
21 2705
41 3099
48 9601
15 2159
20 5915
6 1015
39 6110
9 4985
40 8477
13 4382
48 3076
10 7482
38 3599
16 8332
11 1503
16 3428
4 6729
43 8105
46 7379
46 7540
13 3138
50 3644
10 4613
42 962
35 6635
4 4449
39 9401
2 5640
16 6997
34 6273
12 9220
11 2871
6 7004
25 6727
9 7434
43 6240
7 1117
3 8747
22 2046
6 2811
31 1378
12 3374
6 2325
3 65
6 5979
24 3321
33 9337
23 5132
31 7826
24 4681
38 3225
20 9336
19 4993
28 9375
26 4502
42 1611
27 8580
34 9539
8 3673
10 4784
46 6409
23 1265
16 8871
33 8914
46 7971
41 4599
37 6813
42 6963
7 1137
27 4689
39 6930
46 7711
17 5702
34 3803
34 8578
50 8511
3 9441
12 3338
14 4473
5 8421
5 1001
16 5005
2 7363
16 1134
2 1567
1 3555
35 5273
25 9613
41 7136
17 3137
27 9676
26 2185
13 4821
25 2383
21 3672
44 9134
47 5466
36 4596
3 780
12 2304
16 5816
30 1513
45 2597
23 6810
13 5533
7 1078
1 4883
27 5183
21 8463
21 567
23 2632
50 3615
5 9337
20 3249
33 7732
45 5083
41 3288
23 4599
7 3867
7 1623
41 8590
27 5342
17 6968
4 2845
38 8678
34 9034
31 7834
23 5604
29 4200
32 2689
4 9278
36 6079
4 396
29 8507
41 6573
5 3575
7 8395
47 5452
35 9304
44 2518
47 9777
32 5083
18 9801
15 3955
9 1693
4 7289
15 1833
29 2815
11 7840
3 4859
50 8650
7 9169
48 5284
29 7060
42 6427
26 187
32 8048
42 6625
9 8545
38 2380
24 8456
44 4905
45 6501
43 2047
1 7593
1 6303
34 7255
20 8104
23 7526
7 7265
25 14
35 1681
46 3893
43 8335
50 3737
24 453
20 7181
25 2309
35 8634
34 8446
27 1630
41 5520
4 1600
40 4124
45 738
42 4291
40 5491
26 3325
6 833
33 7457
20 4837
45 4113
16 7021
47 3664
49 7182
6 9618
27 9993
45 2603
43 3054
44 8708
1 2110
41 7075
32 750
6 9447
22 291
12 9327
19 8937
33 3512
44 4225
25 2120
10 7449
40 7434
40 6983
14 66
18 4441
6 5339
33 3047
13 3479
32 2683
24 7272
26 2302
35 6557
19 9566
34 1432
23 4167
13 7560
24 8197
42 9144
6 6917
45 6433
13 4226
8 2130
35 9631
29 6709
7 6266
29 7284
5 5739
7 7490
39 4186
40 9767
31 2188
41 1295
26 7913
43 3193
8 5279
7 4185
28 3161
49 9552
1 5267
49 5312
35 9612
25 1184
28 3614
8 3423
42 9319
11 4645
48 5356
6 5088
34 1234
34 8490
48 6432
26 4112
1 5457
31 1911
49 2761
5 5595
45 327
36 5698
6 4824
1 1480
50 5235
46 8428
14 3839
2 8674
26 8630
8 3150
5 1377
7 2163
14 7531
36 1928
5 402
1 5302
40 5542
18 5681
32 8893
34 2451
38 7903
45 6091
43 6376
47 6168
40 9995
33 3258
32 2228
44 1144
32 2804
14 8904
19 3530
17 2034
17 6029
38 3022
2 6356
31 8434
35 840
37 711
2 1850
8 7333
14 3082
1 7991
33 974
41 7340
24 1382
15 4157
19 2799
9 6711
31 1154
21 5252
45 8102
44 7497
3 9225
33 533
1 2135
16 9503
1 9125
21 5184
20 1154
9 6699
39 7527
4 2390
19 6935
39 187
23 9489
17 5526
40 1592
3 5335
1 2527
19 1769
18 8154
36 9517
50 6243
47 8865
40 6419
46 5105
27 1018
45 6001
12 6621
44 4786
31 7857
4 1988
17 7553
46 8532
38 7828
31 7098
12 2391
20 513
30 9653
23 7361
22 566
48 5655
1 7135
19 5592
2 787
9 2836
35 9839
42 5850
19 4592
34 4258
18 7215
10 4188
38 3580
44 9253
27 3479
13 5197
49 616
5 4215
14 1197
1 4023
20 319
44 5400
38 6727
49 5237
14 9351
12 9301
45 2922
45 1448
5 141
14 9419
48 9856
12 6342
18 320
19 9228
17 1680
38 568
24 2360
8 6346
24 1539
5 322
25 5889
29 2819
46 950
17 2317
44 9166
46 1746
22 702
37 7034
4 9101
13 3741
40 6148
3 6187
11 9400
34 1001
41 6705
32 5449
13 3762
5 9799
11 3603
24 597
43 635
36 6007
40 151
18 6182
50 3312
21 5408
39 6341
24 3846
46 386
11 5408
33 8646
27 5671
13 9696
25 3218
22 1849
16 9587
41 9915
32 6686
4 9562
23 1774
29 3656
48 209
2 1278
24 8648
25 8171
21 5372
41 5634
50 8727
10 4184
8 349
23 8856
28 6590
32 5365
36 2598
22 9401
13 6510
41 1299
16 2903
34 2771
46 8308
36 79
42 7340
29 2052
26 9538
32 7620
32 152
28 2781
37 9213
29 3411
31 5015
26 3952
46 5113
14 8918
20 5204
4 3995
26 5301
27 492
38 2638
48 113
45 4097
35 2707
25 3440
9 718
25
462 153
960 98
917 451
1383 8
937 430
989 441
1149 109
2 481
662 492
630 359
1078 463
182 250
325 44
233 299
983 410
1490 478
148 250
190 269
826 219
277 231
1387 246
163 516
1034 390
206 599
1253 162
