533
37 3869
33 4934
13 7066
45 2478
11 4867
11 715
46 9528
18 1018
5 7797
41 4090
25 7190
48 198
49 326
44 371
28 2956
43 1566
11 7768
8 4232
30 1732
15 7259
41 2419
42 3176
10 4683
7 1466
8 5975
2 367
31 9505
48 1289
33 6779
25 493
47 6050
12 6558
5 3876
26 7733
47 9665
40 6795
43 2281
42 4859
37 2058
45 10
19 9186
17 5237
34 2045
4 4021
49 2340
31 7159
29 6792
17 6865
9 3534
22 7779
38 629
28 3889
43 5044
40 4135
27 3760
16 4940
36 1915
11 9081
43 2101
8 5742
7 9706
47 3904
29 3746
19 6107
36 8641
2 7328
20 3141
46 2016
30 4475
12 3858
9 8132
48 3434
38 3557
1 8744
1 9177
29 4176
17 7719
28 4025
48 5171
48 2282
5 6258
3 5271
45 9417
7 1779
37 3047
35 3739
42 6157
48 1866
36 7072
47 5517
12 6938
24 2756
36 3060
45 8175
31 6450
37 6637
4 4414
44 2611
50 6101
10 8721
38 8188
32 8298
14 2588
16 9088
6 612
42 97
6 9871
6 3382
11 2533
29 7749
44 7646
27 4782
35 9976
42 1503
5 3254
20 9420
20 9003
45 5396
38 4882
25 5052
20 4314
12 7211
49 8767
49 141
46 5813
12 5722
35 9788
29 4909
31 1593
48 4854
20 82
16 9863
26 2109
33 3737
44 3536
28 5667
11 5286
34 4834
50 6176
31 6260
50 7229
44 2978
3 9561
44 4021
19 6822
23 1210
37 9597
11 7341
2 1466
39 6900
37 8818
23 6838
37 2060
21 6310
39 2301
26 2864
11 9027
9 3819
11 4245
22 8754
42 8131
3 998
29 9921
11 3880
44 641
40 1470
1 8754
2 6144
20 4270
20 2789
39 2543
44 659
5 9897
44 4845
9 8340
24 3163
25 8597
27 135
34 3376
46 6804
1 6713
32 8841
34 9263
26 478
46 4746
38 7218
19 5005
29 1521
33 6879
36 4302
4 8346
25 29
14 4663
36 4297
12 1848
1 1129
43 2668
41 5424
35 7350
50 8482
10 9037
48 2292
49 8139
49 256
29 2556
6 8538
32 4892
36 6588
50 1042
36 7104
43 3351
38 8992
9 6920
33 2745
17 2312
30 6992
1 1142
18 5963
3 9476
21 9876
44 33
2 6346
2 759
16 3148
40 7474
25 8589
42 8546
38 8076
24 9226
4 6387
5 5872
3 2328
35 1539
16 9133
38 1690
6 5528
40 5625
27 9651
29 2708
19 3723
29 1882
35 4534
17 440
11 7730
32 9357
11 8257
40 6385
28 6437
23 8417
14 81
27 3067
11 6743
31 8809
42 5276
36 9638
11 8385
49 1069
47 2887
46 4153
3 6195
21 6822
8 7061
3 2494
5 1014
42 1564
7 6082
1 2440
27 3875
1 8708
16 543
6 3237
46 6802
37 7398
29 7591
28 2608
9 1153
15 4095
18 7250
39 5789
14 3543
14 9192
15 3108
3 2627
39 253
46 27
31 6697
15 7144
23 3469
4 3956
30 4115
12 8237
3 6088
2 9637
19 83
37 4091
34 2584
23 5473
20 2866
40 3216
24 4006
38 1553
44 4586
7 2579
10 65
39 9792
37 3823
9 2627
48 3857
12 8574
12 5082
22 4305
17 3145
25 8022
5 7777
24 6805
37 1349
27 6477
25 4256
49 9388
24 6087
26 889
19 9854
7 1765
22 9020
32 1866
15 8307
33 1436
31 9385
13 8040
24 1141
5 3182
25 9636
9 5883
25 9201
48 1621
34 2513
46 5213
9 4019
14 7977
17 8278
29 3778
21 7961
16 1301
18 6505
41 9787
14 8017
21 8154
22 4109
6 2744
35 8335
50 4770
39 6348
6 8274
7 5988
28 5918
49 5659
19 2453
7 3137
11 9005
9 259
49 4614
17 9224
20 8822
16 760
4 338
36 1265
1 9142
7 5518
47 4041
28 3946
37 5069
49 6462
44 2350
22 3391
38 262
41 7058
36 7453
42 4774
3 2093
13 5621
47 1430
17 9185
30 235
47 4699
9 1714
17 1056
13 9476
3 7271
12 1191
36 4788
26 701
20 7994
10 4339
38 4925
16 9364
24 3257
22 6278
19 874
3 882
10 4269
49 8610
27 223
7 8804
44 8662
8 9237
38 2525
50 5116
35 1630
9 9065
29 6756
38 955
23 4258
2 5373
2 4910
13 1125
15 3808
32 356
9 8797
6 6658
41 1695
7 3484
3 263
12 6510
39 9965
50 5182
35 9783
9 301
41 7671
11 1542
39 8450
40 2133
32 6045
24 3281
32 428
1 3627
28 5326
34 573
3 5142
46 2647
49 5042
44 4279
2 4739
12 2795
13 1918
19 5096
45 7444
7 1208
12 3580
38 5125
42 8251
5 6781
10 254
32 7227
3 4612
1 274
22 8521
27 3985
23 7974
22 9865
37 6687
24 1893
6 7928
9 538
49 3934
6 9987
34 8938
1 2997
1 547
23 2407
11 5222
28 7843
42 1581
29 7043
18 7819
45 3808
28 3836
50 6465
28 5226
32 6787
26 7152
23 362
48 8391
4 3688
41 1294
28 3895
15 6044
47 4603
8 8350
48 5541
20 9726
14 2508
42 8821
22 2164
50 3534
34 7108
4 7321
8 9272
27 7899
3 7764
1 179
14 2719
21 8896
6 8492
28 9797
29 5518
29 3546
31 9646
36 2639
19 1849
7 7736
24 975
49 4286
48 4656
5 9137
48 151
21 9512
37 5478
23 1007
41 4075
11 1589
12 5862
37 5565
35 3494
1 3782
1 643
11 5148
11 7101
46 1222
49 5534
22 4948
11 9014
44 9854
41 1669
3000
497 160
441 365
1482 466
800 398
1396 23
503 66
1353 406
1314 166
946 138
1133 327
1000 117
693 103
992 388
519 335
1419 150
868 179
1017 461
739 153
1182 488
316 25
372 11
833 106
596 260
1296 439
1405 115
1163 507
1466 66
1305 525
815 252
466 96
695 219
394 298
1177 410
127 232
141 48
439 308
1128 153
1102 264
808 347
1056 90
794 156
704 291
577 369
120 199
680 14
1087 138
841 211
1363 436
410 404
676 238
778 252
689 40
891 1
936 530
1203 523
384 529
1218 244
167 286
1087 401
1228 251
1423 362
546 58
1232 121
451 530
604 188
21 296
1178 529
776 225
524 241
262 253
991 180
1127 156
1266 15
1342 309
621 511
225 169
581 36
1300 371
501 336
134 366
360 138
1431 267
316 273
663 6
301 202
519 43
725 116
1362 466
337 269
356 480
833 317
1130 234
1091 28
1221 471
1393 168
53 411
781 448
345 487
1499 51
12 29
842 294
351 416
417 6
242 347
452 37
557 437
394 146
589 150
542 270
1341 184
309 505
1334 194
750 260
1485 520
762 57
1170 150
507 482
1042 266
748 191
1244 138
1243 221
911 174
139 348
1436 404
299 497
792 199
823 111
1390 53
383 269
47 285
1391 291
1020 55
668 500
923 262
1080 429
856 16
1133 471
986 358
630 484
716 457
902 121
255 254
696 150
879 352
1081 114
483 440
423 482
469 478
879 154
213 142
723 365
917 1
116 53
1050 516
672 211
1181 151
1112 243
381 271
834 345
483 419
178 316
437 245
386 27
701 450
524 480
462 316
917 499
716 520
66 362
984 209
858 326
627 125
675 470
1050 248
1055 497
252 303
1469 307
126 466
1005 460
220 395
779 192
561 91
1347 333
179 502
311 74
740 444
878 175
880 290
1211 317
757 66
936 351
1500 312
248 423
52 386
1130 456
444 240
760 277
1087 187
720 124
853 191
878 62
1126 407
469 165
1066 532
593 147
883 254
452 315
822 285
939 407
809 350
982 319
1136 57
935 248
1053 255
381 252
1363 474
660 490
819 530
296 355
436 185
929 525
223 164
153 199
866 204
520 79
419 47
1189 205
3 59
898 210
998 486
534 499
395 405
1010 117
518 90
524 272
1411 458
133 383
745 89
700 162
947 13
1196 204
107 31
1026 69
1091 67
547 125
260 69
650 444
964 227
177 490
18 19
1120 177
326 117
1474 6
148 480
902 442
1133 129
654 393
1290 65
1238 515
499 232
580 185
356 527
1380 135
476 176
525 44
522 50
968 524
495 28
1402 286
1052 247
413 533
1460 249
698 463
1231 145
233 327
1075 28
986 140
421 302
558 189
39 234
229 149
585 126
611 43
1054 472
777 23
402 126
1411 356
704 374
131 241
831 196
196 222
1289 304
264 349
52 305
1006 191
208 158
1197 117
1207 128
623 225
1319 283
1014 255
730 131
1406 405
917 115
727 223
730 61
728 113
939 310
1038 49
243 261
562 12
386 483
1044 511
1386 202
538 2
57 97
824 92
995 50
835 78
589 514
69 408
798 375
522 45
1189 195
1079 16
989 241
1164 474
652 281
730 249
1431 58
1454 457
1321 411
281 152
101 440
1287 20
870 107
276 370
1082 280
6 174
269 373
1461 322
743 290
44 19
632 195
238 234
1121 57
191 438
426 435
284 422
455 478
612 126
181 55
343 170
1354 434
1493 381
1353 43
1136 320
397 101
441 68
1412 215
103 200
40 45
1396 211
1211 162
777 411
95 96
1435 518
348 423
572 260
1182 299
589 464
274 206
128 106
181 495
672 463
394 320
856 270
1084 77
848 58
1161 387
1057 208
46 498
359 183
1287 360
734 105
695 231
347 479
1074 183
447 149
1138 395
812 274
158 400
1196 165
30 454
99 474
204 226
929 339
353 299
667 449
233 37
1421 521
1415 242
515 263
15 336
34 222
802 6
43 381
608 330
1077 455
985 125
1009 184
409 193
1491 239
1078 166
225 84
394 275
1314 433
692 272
1023 432
175 360
1209 47
1375 101
1211 315
890 213
287 431
865 366
138 495
1384 500
39 440
1408 187
414 336
930 224
582 75
897 58
87 46
525 21
232 221
245 340
1189 173
4 431
1119 81
580 529
1014 142
204 195
1423 493
1394 190
726 187
495 371
125 331
1451 250
230 422
876 21
261 180
394 140
343 278
223 471
451 105
547 421
156 482
78 314
965 123
794 96
1018 335
749 479
837 381
1083 69
794 233
636 82
721 162
1159 393
882 84
874 414
484 267
746 177
99 243
200 377
165 140
286 200
706 144
386 504
615 123
1065 42
457 254
209 354
271 473
187 161
900 105
632 323
1470 108
615 402
1200 142
148 201
423 421
1414 209
1141 156
142 164
771 380
1457 271
282 239
681 28
328 300
1257 406
234 412
1351 35
1172 324
1256 12
368 45
629 252
1013 20
1356 185
1215 298
490 167
1240 114
1284 5
1097 238
1143 316
936 513
362 421
522 286
765 370
1320 337
491 385
50 227
1251 312
1414 87
1410 242
1310 89
676 268
481 477
211 489
1316 505
642 182
686 104
84 419
1369 398
529 51
1046 500
1462 160
689 472
454 242
441 321
1472 522
19 28
319 258
1244 216
1281 492
291 63
1116 316
572 475
555 275
1402 91
1189 212
467 125
834 191
148 428
865 211
107 479
69 68
818 210
1071 57
185 225
1435 165
1052 376
778 530
1399 329
862 415
1463 262
545 229
861 416
622 426
155 156
698 84
6 173
815 307
244 302
316 458
797 54
622 325
1005 264
274 472
113 44
961 505
353 134
1382 501
56 101
306 306
384 195
748 16
723 223
547 334
1291 129
312 459
711 29
1399 176
1074 188
913 295
630 37
84 130
1090 138
1452 416
399 290
79 343
84 522
215 15
838 137
925 284
192 461
719 371
1421 273
1046 164
1102 513
240 16
85 402
1144 33
523 383
490 382
675 468
548 463
1264 423
221 282
695 533
701 183
1377 185
79 505
1382 67
4 233
1011 211
642 498
255 452
294 178
940 374
531 305
423 272
874 162
234 482
157 399
1440 497
643 395
564 199
517 40
1097 312
112 170
1415 210
629 226
1393 381
1206 453
365 181
1473 414
110 331
1373 334
42 463
353 312
373 309
589 314
906 227
546 412
311 368
788 124
403 487
1222 283
549 386
205 349
565 315
1366 190
354 252
765 75
1310 74
468 469
81 14
1244 391
279 232
363 371
546 340
1087 15
665 466
401 453
681 373
890 356
1284 61
1313 281
1161 122
1139 482
1492 274
436 132
926 216
3 498
214 424
435 447
1259 96
688 307
507 241
211 482
863 200
1163 315
711 447
176 38
779 63
887 69
537 87
268 469
423 419
515 50
477 334
225 398
1296 189
777 487
90 235
1356 262
229 96
383 350
1173 236
678 167
1303 335
1455 4
299 212
747 520
188 410
1451 293
34 13
544 307
933 339
731 162
541 50
1019 465
476 476
795 465
613 503
1225 463
850 124
1143 62
715 219
798 52
614 16
752 304
586 129
1267 93
148 340
22 223
505 224
142 527
67 481
219 149
765 291
635 432
799 470
1230 343
1163 128
682 447
416 140
183 489
1135 59
1480 234
774 126
308 417
795 288
602 112
1257 60
1112 122
1110 489
805 248
1483 357
671 333
391 250
302 300
281 28
288 283
1227 525
166 357
734 367
251 114
617 75
1334 461
579 318
34 353
908 199
821 2
1456 67
1276 289
653 348
511 118
1365 197
45 229
34 137
875 197
3 392
966 352
1355 333
560 69
307 20
918 518
349 112
620 458
344 113
395 500
1303 499
149 479
842 487
64 413
1378 346
565 393
615 259
643 301
308 498
146 482
155 285
272 331
1184 382
1287 116
581 298
414 82
393 25
1382 184
811 443
1500 157
481 401
155 260
815 9
294 468
1276 94
111 110
1049 209
1464 432
230 330
1111 82
1135 75
1327 280
1207 190
756 363
519 8
833 194
1492 39
1330 269
437 452
1479 128
1374 29
1181 101
507 324
183 466
285 412
1178 397
726 477
663 320
409 295
1339 416
550 506
111 87
1465 294
1138 365
1250 311
1358 346
519 82
1352 455
431 73
916 432
214 496
401 498
648 298
1373 80
24 310
217 336
105 315
676 190
616 466
1370 523
756 415
1245 189
138 119
1287 350
1228 417
337 74
810 449
1205 489
887 110
931 417
64 61
679 24
174 348
1048 333
1051 134
402 51
653 84
918 407
111 54
408 416
325 182
1464 315
1377 502
375 189
1144 145
1327 409
1352 332
1461 385
685 360
170 103
365 518
1287 215
234 219
1022 109
121 205
583 329
529 8
524 56
73 218
703 324
881 385
776 112
1485 252
63 395
1216 48
304 17
1254 200
50 253
987 180
1216 142
529 319
867 505
462 66
232 319
833 449
91 531
982 52
66 46
1077 495
128 156
1372 320
1046 73
241 264
170 347
541 69
318 62
1384 454
366 130
239 361
937 402
706 474
680 458
499 432
589 221
1243 215
924 433
1045 402
1310 372
284 264
366 41
1047 27
97 247
4 446
57 420
649 452
451 267
429 444
1312 222
327 468
845 292
436 292
183 347
488 310
1136 132
432 347
1294 348
433 43
80 240
363 376
788 513
1025 198
578 449
1329 362
943 433
487 118
396 240
1446 304
1161 17
153 320
230 177
823 89
201 265
962 504
1011 31
132 30
1429 77
803 67
756 14
260 79
1134 313
222 272
1075 186
1307 142
501 362
161 252
986 96
1344 404
732 80
527 97
1471 31
1191 345
545 139
715 96
553 224
256 478
594 371
1341 408
1351 187
1276 66
1339 150
957 471
1040 326
335 219
681 210
308 8
500 230
815 532
1464 123
1222 485
1141 497
613 505
26 35
756 123
404 381
205 317
340 423
380 261
1079 420
103 277
465 227
194 214
1452 155
1384 83
287 293
660 505
261 283
1016 387
316 467
645 364
110 51
1083 259
678 213
855 185
871 289
379 88
13 9
108 444
211 433
1134 165
948 197
135 468
282 394
608 334
86 155
56 508
951 420
1374 30
1303 16
1338 59
325 133
1072 173
1238 44
30 307
472 73
690 287
187 187
1207 197
1304 256
692 170
543 47
1439 294
497 500
362 512
1354 167
1313 472
615 432
995 33
497 296
1452 316
164 21
470 495
433 67
505 224
1110 232
1402 297
783 282
1006 489
831 416
490 506
1237 165
997 503
767 309
549 370
458 428
1292 273
264 365
41 17
923 473
768 208
1499 5
1088 338
720 243
41 171
101 22
971 141
1283 20
374 20
1238 354
416 7
461 221
1245 295
382 37
470 280
119 41
752 174
745 281
407 434
1194 370
1113 59
975 339
289 513
560 428
1420 448
172 12
1249 245
747 286
757 127
146 232
892 508
1050 113
433 335
511 57
330 47
311 27
1026 397
872 66
874 443
1049 514
136 47
171 258
806 335
234 192
1111 158
162 108
534 357
240 52
625 234
1481 223
395 16
429 105
653 282
800 255
1312 222
731 204
1118 256
488 136
900 354
1387 191
866 145
561 275
721 439
92 518
483 282
916 168
513 241
1217 337
597 117
791 236
830 256
223 458
648 321
1287 134
770 511
795 408
289 94
999 226
732 18
1262 334
1298 18
1353 327
676 24
64 64
618 195
706 83
128 273
311 128
1410 138
715 127
28 71
956 181
209 239
188 498
996 163
1144 28
977 189
29 489
918 392
664 401
157 230
212 111
343 353
160 379
224 211
595 248
1335 462
1012 296
302 54
568 417
1060 208
1232 204
1458 173
555 523
70 329
113 154
1328 493
141 64
610 223
948 255
561 194
99 299
418 263
671 119
1055 528
23 377
1173 214
1025 433
1182 331
1354 391
1295 53
481 69
1245 100
680 127
1061 118
35 127
265 329
344 396
250 437
936 126
1247 419
425 125
247 501
986 27
281 358
570 281
1105 253
816 430
1156 240
4 320
180 249
224 45
1088 318
810 279
582 482
391 157
236 151
630 383
1412 113
117 318
1166 508
582 304
1077 520
711 388
1000 351
1100 20
263 164
244 452
1458 90
1246 253
343 420
1282 10
232 165
454 338
1098 389
583 259
1171 74
1429 147
1339 107
213 74
355 165
722 14
259 515
731 84
311 467
274 334
1145 26
357 196
769 228
29 506
764 301
34 63
1062 104
901 133
1435 507
1072 221
1013 494
1273 315
1241 435
1343 170
112 87
1035 227
830 397
1288 316
829 199
633 198
1000 520
722 262
1146 412
1179 302
231 267
432 187
559 419
484 505
570 384
723 483
1232 345
142 482
1418 267
728 435
243 206
471 246
585 268
222 35
908 499
1155 35
1075 103
1190 254
771 261
218 59
601 323
633 194
884 482
735 5
536 238
1020 277
48 312
307 320
1003 145
140 275
334 151
707 73
1084 377
207 364
811 84
1165 67
913 444
1275 330
239 444
534 178
1453 141
953 356
397 263
404 237
1088 73
68 252
995 486
480 310
890 232
1440 487
905 421
66 225
1076 488
1457 27
555 322
193 62
280 5
495 326
878 437
238 160
304 487
379 26
479 174
808 218
118 393
371 392
504 253
810 433
297 162
1322 192
1078 16
20 161
1143 321
224 339
211 132
960 444
1214 262
792 418
902 241
1431 439
356 509
625 298
1085 307
1188 528
55 230
1298 461
412 498
334 3
146 308
233 165
61 152
1418 40
1172 6
15 395
1423 392
1438 446
1351 438
60 136
443 58
1279 231
395 322
293 298
715 330
617 134
577 29
1084 186
626 241
489 181
221 346
201 514
583 111
594 137
989 317
1383 486
257 300
1210 120
1383 473
932 258
53 209
1352 491
264 78
771 245
369 78
745 189
1266 387
286 292
1364 384
882 267
1113 352
1370 516
546 109
997 342
426 18
530 500
431 188
965 186
130 483
1254 419
564 213
938 425
343 35
1234 505
1408 297
1224 319
869 190
488 314
412 408
1445 197
425 454
1009 524
239 70
1484 326
1020 93
1463 452
374 242
309 51
408 207
84 204
983 226
940 174
1122 268
1105 267
1236 458
1425 158
364 7
283 111
873 527
911 449
108 243
475 366
104 310
153 480
993 366
1008 122
1189 353
1314 516
323 485
1426 422
190 341
1247 260
507 269
1038 267
1253 317
735 350
524 452
907 47
686 505
71 417
587 269
1420 320
441 479
429 284
18 415
1317 284
1123 38
111 503
1469 268
399 355
513 422
1392 301
578 362
989 311
582 333
1037 5
1215 68
29 118
1066 289
441 177
764 102
509 6
415 63
450 246
286 285
129 124
805 236
1312 75
305 183
424 16
1406 276
34 516
427 432
101 433
1406 469
461 306
650 247
112 242
797 245
1330 186
893 208
276 463
1306 44
1191 277
1207 252
1477 493
991 69
1271 115
682 66
1485 37
1453 377
736 212
890 88
801 207
816 504
17 15
513 249
162 176
491 2
1087 346
381 303
1286 456
1320 72
1070 231
490 503
458 280
662 24
509 309
773 455
836 280
1032 337
294 284
277 331
1423 374
1213 500
100 126
60 369
1335 91
262 37
1033 510
916 454
409 283
551 504
1247 444
628 389
793 167
103 240
931 520
790 429
843 502
784 472
1120 4
15 79
284 346
373 334
813 192
1490 428
401 268
600 68
742 60
260 302
347 527
742 405
1357 276
1193 12
642 308
729 75
531 81
790 408
343 398
1156 135
1201 382
656 513
546 473
1406 151
389 12
920 363
471 521
306 138
1133 492
960 230
324 101
66 16
929 463
142 39
847 135
489 374
48 91
691 464
382 58
23 11
1126 264
1222 510
170 54
1247 139
1407 397
693 422
135 488
277 256
826 226
1478 418
812 511
107 470
1483 419
885 244
960 390
348 500
889 503
25 353
439 222
778 275
1465 112
1078 349
591 473
1258 365
1136 199
1072 129
781 249
30 500
29 216
703 365
1377 278
1480 20
601 466
401 393
860 396
694 238
993 130
1403 444
806 296
1249 84
279 41
1179 400
171 268
1366 399
968 203
389 428
979 23
535 151
1211 372
569 108
285 356
1243 106
1282 437
701 182
492 294
440 532
107 238
577 326
1419 108
271 33
460 248
541 302
1172 410
120 88
371 246
1277 9
895 202
801 496
421 216
413 185
158 56
1409 54
1046 485
1377 442
1002 218
15 103
1251 355
163 203
59 447
307 191
127 11
1132 283
365 481
477 217
984 353
1438 99
103 100
612 449
36 53
175 59
810 169
938 358
709 140
1196 406
649 178
385 127
521 113
954 29
630 473
316 49
534 355
938 357
118 294
1269 525
159 133
753 89
253 405
441 430
1207 317
471 178
667 87
1277 55
736 242
165 24
1091 42
1124 238
1462 399
649 134
138 220
151 245
1486 60
683 238
174 154
315 98
851 424
998 394
385 212
1244 12
577 146
1185 498
1246 117
1436 374
669 251
550 530
227 98
1117 402
18 312
1372 202
1486 74
770 526
1158 458
1228 414
76 56
1096 15
1169 89
1132 296
451 94
781 526
463 14
316 94
759 286
488 268
551 305
346 90
73 317
80 79
899 335
58 250
1045 79
832 300
230 507
1103 123
867 197
1121 391
1161 457
439 108
452 265
1013 273
757 192
1312 346
220 419
263 51
625 349
1121 325
662 22
633 347
284 188
278 36
441 241
948 519
1222 474
1185 61
873 233
272 435
724 476
820 108
1181 39
424 467
1235 92
1132 259
1131 63
1443 128
115 144
900 303
1399 423
1095 51
412 121
385 184
1018 237
1212 181
1324 112
824 200
1000 153
64 430
754 178
924 193
507 90
1186 400
603 118
803 386
1014 35
258 363
529 306
163 436
1380 302
607 453
1497 229
1021 416
1496 414
307 139
1426 129
1129 149
1454 137
1071 527
258 215
1224 448
798 190
1398 253
476 15
548 332
1297 507
1455 318
34 5
153 192
131 441
1355 214
173 454
184 246
1365 413
285 444
1115 194
1428 172
1399 217
1306 274
752 177
1032 341
659 63
528 11
16 286
178 188
1498 430
631 69
939 414
910 415
1211 83
1137 114
152 75
909 459
20 504
499 339
1140 147
865 43
925 340
1211 61
938 510
281 485
1115 247
339 279
172 45
897 531
1170 287
1113 457
253 519
1448 257
405 94
233 511
479 403
274 532
305 252
230 321
1001 405
766 312
1439 284
568 270
989 266
464 208
275 377
808 425
1206 24
564 520
769 283
831 135
1392 453
1113 516
1404 84
762 157
655 47
973 38
726 364
365 493
911 480
1185 271
494 55
734 435
46 6
1421 154
271 484
826 324
446 382
1014 3
1047 208
123 292
224 213
1159 260
1382 15
437 476
991 381
1016 222
1214 271
1206 514
261 507
1460 72
1164 474
1347 528
722 171
832 518
1060 509
619 491
1151 37
1312 479
789 353
1008 63
1038 403
1135 21
739 471
479 424
807 173
988 309
1304 369
493 364
866 64
572 471
1170 407
564 359
1371 366
1156 342
740 248
246 262
1030 238
962 305
1287 190
867 329
448 168
1150 321
1178 383
973 325
515 283
531 311
131 228
1463 458
1111 411
1353 169
549 163
122 235
728 262
387 477
160 338
905 311
1116 169
721 75
593 34
212 284
1326 446
1326 251
493 424
707 180
495 450
18 199
546 328
1168 64
115 163
628 195
1431 127
110 225
343 25
1401 266
727 89
1135 229
507 329
197 110
717 51
978 425
532 418
1269 423
839 312
1010 441
138 519
485 263
232 427
1357 449
944 286
212 125
1146 525
356 349
823 48
322 410
296 395
906 271
1376 30
388 285
1344 141
1457 507
710 398
1236 121
924 18
485 492
613 418
416 14
805 268
38 152
1082 135
818 135
77 62
110 21
237 395
556 82
1244 194
1468 485
880 196
570 366
668 7
1010 450
494 272
3 321
229 258
24 8
423 478
105 109
850 523
552 173
288 370
398 483
1240 103
490 526
232 235
1440 13
1381 177
868 7
1147 424
145 87
677 111
1147 51
1065 64
856 21
1281 276
245 413
985 403
975 439
350 219
1477 117
798 428
1455 4
1140 122
1249 195
797 91
414 265
912 374
910 396
1018 146
1108 132
392 251
1427 242
629 88
623 374
966 483
1175 300
1497 169
1350 298
85 346
913 19
1167 285
713 480
628 176
250 288
1121 288
1410 434
919 525
1466 520
93 218
533 268
446 115
262 284
1202 452
789 75
1193 351
1169 440
66 426
713 254
709 216
18 515
594 433
458 341
780 431
975 273
1361 39
63 36
508 121
831 524
552 368
175 385
950 244
692 443
463 489
457 326
513 69
957 80
798 386
868 210
460 86
219 13
755 316
771 127
1002 158
1168 195
1064 458
1427 238
1405 189
732 229
1170 428
1419 218
1081 439
767 376
1390 62
553 41
347 417
517 447
758 347
1391 346
246 411
178 456
972 201
523 80
1403 24
553 289
1188 176
483 477
80 247
826 175
315 108
1117 180
1083 152
806 400
1179 370
466 416
395 233
1484 2
1385 97
528 311
1153 93
1494 137
1213 189
563 527
15 516
124 20
1019 44
624 240
758 533
81 380
361 296
970 284
131 329
224 120
277 297
245 323
506 513
822 239
947 75
905 432
876 337
1320 191
4 107
81 468
938 83
1287 128
231 148
150 488
942 84
1422 123
657 503
290 109
1425 367
1285 10
522 493
620 485
1406 163
597 91
512 24
99 82
1382 319
1279 316
641 420
484 514
636 81
1210 25
641 180
146 231
164 128
986 500
582 140
901 517
1438 408
525 7
145 273
1240 224
528 128
138 452
466 260
455 336
569 346
980 440
463 169
189 288
1115 106
6 370
1355 9
1069 172
570 113
513 15
920 66
517 28
1443 97
779 473
49 243
802 46
30 282
770 78
785 378
901 43
1476 59
582 344
1464 380
392 499
372 269
1252 81
502 151
1097 118
791 191
1423 380
954 203
1193 382
978 422
393 226
477 78
806 140
1454 324
962 455
1330 505
1350 128
577 471
1015 94
1243 181
443 480
11 252
660 173
935 295
72 270
1074 334
1128 33
1254 313
1134 305
259 122
258 326
1136 303
501 293
562 112
1381 91
71 69
683 291
328 53
472 508
381 194
85 527
661 89
1465 223
1057 139
224 495
391 237
1129 96
876 191
972 107
144 210
156 464
34 46
827 261
1105 206
760 483
1468 224
295 281
1037 451
1399 29
479 93
517 299
1195 389
879 93
1250 313
1269 460
1461 469
822 222
1137 244
821 358
1168 435
1359 8
299 19
308 136
1051 468
984 485
715 273
110 238
1031 268
840 460
378 113
772 409
313 285
853 294
724 324
583 282
917 486
845 70
934 148
1087 127
819 149
306 442
702 248
673 125
347 146
947 15
385 51
1374 431
607 364
1178 270
882 205
702 528
1454 71
521 119
736 185
1070 532
67 220
719 208
417 398
732 396
923 365
1145 500
732 388
638 61
500 115
1287 13
996 203
338 459
1287 453
1095 207
1077 115
793 318
1067 471
919 59
556 327
81 383
1473 178
1143 533
1367 426
67 519
701 83
1392 310
616 181
540 85
1008 397
405 213
1009 19
738 484
1107 147
459 319
486 87
631 523
1299 380
412 193
184 68
570 365
776 519
93 273
792 488
1225 435
758 390
1293 127
391 332
854 29
115 160
362 470
1332 284
272 252
1303 477
1159 413
1259 62
566 287
362 204
403 156
624 422
1046 281
136 374
1403 336
765 138
932 346
861 169
968 80
703 29
557 266
1264 386
1349 266
390 408
590 78
667 70
487 66
1315 123
980 358
1032 177
598 138
1373 455
211 13
397 168
694 315
1142 14
474 331
723 278
180 493
166 517
1275 426
1154 446
47 303
886 34
665 242
876 3
882 390
378 139
1340 430
829 146
919 320
1364 118
207 474
460 171
555 410
818 125
285 272
731 295
1429 66
667 371
1276 525
1324 422
217 201
427 490
928 259
1159 424
2 272
308 180
789 123
193 324
1048 241
1138 425
119 292
939 304
487 272
204 211
939 236
95 166
367 499
1160 131
442 182
799 321
250 78
300 286
856 430
97 404
49 263
709 338
582 6
1443 104
307 319
473 241
915 376
991 339
1192 99
1356 85
1289 323
1462 100
368 254
1346 459
812 141
1259 320
4 477
85 328
1008 286
1011 437
1334 110
304 488
451 467
1399 257
20 518
855 24
651 155
909 348
186 263
709 313
599 429
635 247
1402 472
1141 124
500 505
330 382
858 176
741 433
680 45
611 41
117 290
1182 162
603 442
926 19
715 4
1128 444
1456 121
1487 281
876 246
1163 278
496 478
1158 100
883 494
1490 488
7 472
1493 377
166 356
789 464
667 348
1024 102
917 60
1248 280
765 82
1220 34
383 400
1462 485
824 388
1059 214
1420 485
766 319
478 47
610 254
647 404
1029 139
247 388
669 512
553 379
609 175
1100 290
1039 55
255 102
484 420
827 83
1073 374
521 52
955 443
880 215
403 107
85 174
1087 9
1415 82
228 421
576 51
238 495
850 266
1001 329
829 464
809 472
522 498
192 333
393 123
1260 378
267 331
611 22
715 195
576 452
1017 513
1235 327
985 278
565 139
268 14
964 453
663 145
231 242
929 194
686 347
778 391
1240 90
11 401
26 255
549 124
1272 239
578 444
404 250
1209 259
67 82
157 321
1499 230
1083 368
383 351
843 102
991 185
789 96
657 375
763 91
996 386
78 478
19 168
198 174
379 4
191 158
1053 449
1110 24
109 445
1126 359
1271 449
898 113
410 129
621 349
330 461
306 179
93 405
483 159
901 11
561 189
1491 247
1349 367
1158 69
1312 381
535 480
115 117
1346 159
71 68
1168 190
1304 140
631 328
1384 199
1182 171
723 343
245 457
589 483
1266 392
1309 311
915 427
892 400
37 501
56 406
450 509
1473 69
1309 39
85 472
600 483
5 62
630 20
132 103
578 259
813 531
569 504
538 290
1210 76
186 35
311 379
1142 426
365 321
191 479
444 429
1464 512
16 269
280 120
719 17
1193 526
274 474
780 123
1338 426
478 278
1203 382
1293 60
675 398
936 263
1138 411
17 475
436 166
132 356
999 325
519 383
604 206
1054 64
666 60
80 211
906 81
911 181
930 283
178 98
1349 107
896 343
642 57
1254 335
682 254
742 2
437 391
56 140
932 79
1069 151
644 470
1050 45
654 438
4 372
453 259
1084 47
1050 495
674 167
938 253
1062 414
1308 320
1351 281
1022 376
1012 76
732 261
222 518
499 515
164 376
101 262
265 449
815 477
228 149
71 33
446 149
246 533
134 503
83 155
974 219
1014 214
286 291
342 371
916 456
1199 326
475 76
316 489
1327 218
777 298
895 226
966 521
543 125
1423 429
878 33
1200 310
281 326
1180 429
326 237
1284 421
300 66
1263 218
532 29
310 458
981 217
276 232
71 469
686 139
309 67
1295 67
995 45
154 429
815 516
266 112
995 515
1393 94
1172 353
981 376
668 340
17 20
1121 12
414 102
764 387
1456 146
327 492
1447 153
801 203
655 50
856 31
278 439
511 301
386 420
466 477
471 462
885 410
478 382
916 415
189 365
499 395
90 77
1389 369
943 427
1031 294
918 2
637 339
432 64
135 357
164 144
531 481
190 12
322 399
872 488
545 110
1216 378
1159 118
1261 316
1480 145
569 122
1322 207
41 454
598 377
295 6
738 23
1141 357
563 187
101 11
639 4
91 388
433 196
443 337
774 258
1381 415
1447 287
570 416
813 44
643 487
1105 220
1255 110
849 289
421 122
923 220
820 420
508 280
78 342
116 251
653 528
1449 390
404 464
138 41
61 67
238 178
1454 236
1404 71
1115 265
445 449
442 326
1022 276
1250 327
5 4
416 392
750 247
1139 221
979 19
1178 333
775 303
438 92
1413 26
1161 390
1257 194
48 21
989 27
1241 242
1219 456
46 155
590 7
821 375
187 89
7 272
668 21
1083 188
15 188
1019 312
1180 295
742 142
727 348
97 310
1486 320
1308 158
1402 202
1220 420
321 144
1015 225
433 169
954 444
566 367
93 354
915 242
1193 175
1462 24
709 20
75 299
51 258
147 80
484 148
1351 241
1333 51
1428 231
1388 513
1316 12
615 532
657 380
108 308
1272 305
87 59
1364 56
5 517
218 155
1157 122
1482 256
444 116
79 310
1028 233
152 425
379 392
96 192
930 260
1410 237
536 350
919 80
1065 86
577 96
244 484
1353 438
1476 282
795 398
164 68
1445 383
1023 110
1408 154
460 141
589 241
484 332
400 342
564 454
256 105
1422 415
818 256
44 320
403 154
822 346
1252 291
507 497
300 188
436 86
1425 17
705 37
947 239
675 441
1288 284
1085 272
157 220
274 227
623 147
553 121
537 532
290 427
547 259
883 45
52 204
687 531
1307 326
821 529
966 198
980 266
296 320
1162 282
962 90
41 41
79 508
922 319
