811
42 9677
28 9702
19 7293
10 4028
4 7967
23 6757
7 9052
4 90
10 9922
17 3665
28 3688
37 7786
38 1487
41 5827
4 5411
5 8562
19 7860
47 6283
42 1863
15 3467
22 613
31 5292
35 4224
14 4376
46 3969
27 1963
26 3896
26 548
16 6936
39 8625
49 6769
18 6470
29 9643
9 9924
10 8175
26 6471
43 3083
12 7523
33 7458
10 2861
25 7432
12 1147
4 9451
13 6613
42 7377
36 3297
20 108
37 1619
6 3191
19 483
38 7930
49 4598
13 3285
42 9420
2 4428
30 3947
20 9753
2 8852
32 5286
26 995
24 5766
23 8702
25 6408
5 2753
35 5812
11 3346
34 5727
6 538
9 1621
25 6898
40 1249
50 3702
11 6422
45 9035
46 5265
17 1461
22 4747
29 7414
30 3651
36 7973
4 8063
26 9296
14 196
3 1369
20 4165
2 3151
33 8724
22 3156
17 4822
29 3542
40 2061
34 8235
28 7371
21 5082
5 2519
16 6794
5 97
29 1106
41 4219
36 1013
32 8768
38 7566
22 9169
23 1626
21 7212
24 951
38 6581
1 7089
45 8868
19 4102
8 4717
1 5110
34 8466
5 9513
11 7194
15 9223
50 5512
24 5266
28 2375
10 1910
44 161
23 9852
12 4596
46 5417
1 7338
45 7116
38 9931
26 4049
38 8611
39 9729
45 2425
44 9512
5 9590
49 8497
15 4149
24 4576
13 7675
38 6968
47 4074
35 5061
12 9234
16 9182
18 764
10 5143
19 9892
17 1940
5 9540
29 5163
29 6047
25 8848
18 6756
48 1489
2 9820
22 8834
2 8388
18 8168
33 6255
7 2179
10 3245
19 6936
19 1629
47 9548
50 1943
15 6419
5 5604
10 4468
4 7183
38 5823
8 9415
24 9759
24 2743
2 3811
28 9795
47 5803
32 4219
38 749
22 8839
17 8642
4 2644
10 4836
33 8441
46 4095
25 9456
6 1906
48 7540
43 2642
28 519
13 2458
30 4986
27 337
37 2578
41 1038
34 6346
33 685
8 1792
27 6203
16 2864
7 1080
11 2133
14 6779
15 9977
21 7570
42 8057
46 8441
31 2266
43 8045
24 6126
36 6729
40 4564
21 6348
20 9040
15 6874
13 6999
10 3163
14 9391
3 4695
4 8979
13 5693
10 550
9 8434
23 2134
37 1936
15 2708
6 4307
31 1593
40 440
46 1895
26 6681
1 1110
34 6862
12 9582
37 471
31 8919
18 1849
34 154
1 7687
23 6113
36 4469
21 7929
50 914
5 8495
22 9693
42 6954
9 7940
2 6389
11 6335
46 8259
38 8189
38 4067
31 1215
5 4773
8 7098
24 7792
49 461
1 375
19 5583
31 9213
24 1931
33 6050
46 9067
36 5721
42 3570
18 2317
16 3871
45 3871
38 1685
45 9716
4 6459
42 7988
7 3282
48 2517
25 3972
40 9654
4 322
14 3516
33 3483
11 9486
19 5529
30 9925
13 4471
49 1087
28 2592
17 5510
45 7982
38 7892
41 1695
5 6790
40 3487
44 5272
15 537
18 8450
44 2337
38 8408
40 9849
30 742
10 926
32 2312
49 5175
31 6218
14 1947
15 9584
12 9791
48 3694
5 1090
2 6707
7 5185
47 159
24 434
25 9293
22 6248
40 8888
6 1297
31 2693
27 5456
8 9752
45 3968
15 6028
7 8594
32 3286
27 6865
40 2644
15 1650
14 7094
17 6634
22 5950
35 1063
7 5535
43 8235
50 4375
22 1958
17 1821
27 9892
41 259
7 9037
11 7318
4 8148
49 3858
20 7217
29 131
29 9417
41 7197
28 4810
10 5483
31 8877
19 4773
15 291
6 5371
21 907
8 9485
18 829
47 4850
37 81
17 6276
45 2585
8 1672
18 9422
45 4444
23 6984
38 5750
20 7869
9 8171
48 7704
30 8392
4 870
25 4286
33 2344
50 9082
39 640
44 8701
16 5062
15 9266
45 457
8 237
35 4125
35 8911
41 7126
25 1967
48 5697
32 122
28 6967
35 7823
31 792
49 9214
43 707
18 836
30 7236
43 4799
31 4968
15 6144
23 7657
29 2827
40 8754
19 3357
40 3079
38 845
46 8089
7 8521
25 863
42 5685
37 506
11 3479
10 8535
18 1123
46 6949
26 3092
2 9736
44 439
47 9569
25 8220
6 6876
1 2554
5 3912
25 2830
30 3997
14 1484
50 8016
23 6436
33 2070
3 9660
33 6780
30 5831
28 666
16 5279
18 3694
13 1093
8 3850
9 6458
15 8091
1 8870
6 1843
6 1436
12 5357
23 4517
31 7243
30 1893
42 3824
2 3000
15 4416
42 5839
13 7303
38 9253
37 8738
27 9078
36 3126
42 4320
32 8110
50 3297
10 9945
19 6584
36 1597
40 6085
1 3481
44 2380
38 4809
41 7968
20 9515
45 2950
15 9913
10 6688
11 5756
22 4468
43 5797
8 7831
7 8554
1 6530
2 3725
35 6880
11 3614
6 6660
37 9924
44 5479
31 9489
28 1343
20 8584
47 8711
9 9639
37 6287
44 5336
22 6843
31 3726
23 9496
43 950
21 2912
26 3762
23 9332
14 5553
35 8435
3 6331
2 57
14 4738
11 2238
39 3421
36 882
3 9235
11 1859
20 4453
35 6928
13 9175
31 3391
10 1476
11 9182
48 4491
5 4398
18 1611
7 8635
19 4246
30 4850
5 7362
9 4076
19 7288
47 1426
5 7692
2 8726
21 6170
30 5964
28 6750
35 9293
48 6329
19 1863
27 593
29 3404
22 494
9 6111
13 1962
44 7933
49 9265
39 9433
37 3675
38 2878
50 5154
12 1679
27 4445
34 4935
37 9908
37 7808
36 7647
7 6317
35 8399
41 2289
6 45
19 6550
26 7616
31 8742
24 8013
45 5975
14 9735
10 2024
11 6913
32 3058
15 5816
9 44
47 517
7 495
15 3916
15 4681
16 9468
14 4387
21 1340
46 4834
13 3334
26 2787
28 7222
33 6670
25 7895
15 9796
9 1833
16 7882
37 2131
38 1584
10 355
14 3816
29 7005
45 9549
19 9289
25 5615
12 4780
4 2093
34 5211
34 9558
41 6951
41 6175
33 2835
23 7465
47 354
1 6471
25 5156
31 8467
49 8199
45 1682
9 5820
31 2490
45 9382
4 8189
10 154
31 9218
2 3507
13 172
41 1138
47 3814
39 2467
29 6942
26 2270
28 2662
18 2508
18 2809
1 6070
46 687
8 2013
50 8829
9 8720
29 1793
24 5
47 9330
18 4486
35 6430
43 241
23 6837
42 3875
15 7549
35 7227
7 2456
13 604
33 8087
4 3526
8 9053
10 6605
39 7751
20 5264
43 5378
33 800
45 6375
50 6
28 9225
5 6188
43 1864
3 9439
41 8935
26 4316
47 9288
20 8816
2 8922
48 5556
7 499
36 5889
18 1242
12 4015
20 6071
12 4674
18 9255
26 8416
49 3693
22 5792
6 3565
45 8351
46 3418
20 8728
2 1909
9 8221
26 7413
38 4085
23 4242
9 7677
26 1160
29 6624
31 5816
11 3034
40 9356
34 6312
45 6687
8 8419
23 7653
43 7252
28 1555
35 3628
41 5566
6 6606
45 5448
45 1257
38 6314
7 8523
7 5877
44 3581
19 5305
37 5650
14 126
37 1003
46 9553
9 3899
9 9747
50 223
6 8235
39 8865
15 5772
38 5829
18 69
9 3158
41 4510
27 6226
18 223
42 2242
47 1517
38 8332
26 3300
45 844
39 7416
18 3463
49 541
20 824
21 2261
39 6001
17 9398
15 2191
21 6629
28 6973
8 8192
6 4276
1 6056
14 9529
3 1038
27 5277
2 4043
2 7603
14 3251
29 4448
3 6645
46 9646
45 7289
22 2702
37 2425
44 142
47 8682
13 1729
3 3837
37 8626
30 786
12 6689
47 684
4 3637
34 1361
14 7077
34 4934
30 7947
41 3925
28 9922
29 4707
40 1140
44 9440
17 1010
12 6829
17 9353
44 4875
13 6009
40 7069
35 9928
29 7459
6 1731
4 7036
48 6492
45 5911
25 4539
10 1669
23 3397
38 565
12 869
32 1286
15 4443
20 8173
45 4882
16 7334
30 7262
35 1106
9 1303
41 6643
35 8756
23 4071
9 2878
24 5298
43 6129
43 5586
7 1246
47 4658
24 5039
12 6339
6 5388
24 4298
15 3033
32 8973
20 3893
30 5977
21 7051
43 336
19 2730
34 2436
9 9233
5 5256
29 6328
31 9442
33 5139
16 6903
39 3212
15 4910
29 5040
14 6492
34 4499
5 8263
17 839
20 3503
31 2266
8 6639
4 6079
8 2010
3000
1342 172
1384 183
632 307
1392 471
1214 435
127 452
979 589
335 52
832 600
1473 623
840 495
1051 517
526 390
793 523
796 150
754 773
844 88
841 734
948 768
599 718
300 583
29 540
1142 450
1282 109
533 578
1104 338
990 415
45 534
1171 184
295 641
1005 471
267 758
257 602
680 269
1364 36
538 519
612 306
680 366
473 136
734 207
1119 82
22 563
1315 411
225 522
1331 30
329 411
241 560
1199 103
1082 601
550 466
549 476
544 290
1030 91
945 571
1013 410
1240 482
422 648
371 791
892 561
891 493
118 692
386 249
1060 205
551 216
457 108
562 586
847 71
295 647
471 247
143 279
1254 339
1180 8
655 677
365 73
538 779
253 206
1129 26
1409 475
1279 394
1086 654
581 398
193 738
883 680
152 95
121 692
1222 627
610 519
1037 164
893 341
876 147
1008 39
1019 28
1340 791
690 660
506 398
552 568
1464 552
1411 559
63 382
198 136
647 615
498 756
280 102
48 14
873 503
430 448
321 517
1377 768
1033 98
29 382
1321 192
1011 790
1093 284
1314 202
74 444
978 242
110 667
865 633
64 354
1360 669
1440 648
250 387
283 319
937 439
1310 20
1240 175
950 377
212 273
833 128
176 579
175 316
727 602
711 241
20 504
1478 275
229 541
1365 359
1263 444
1375 732
215 55
241 494
794 664
1487 235
166 498
904 675
1221 260
1052 126
500 118
774 744
929 515
182 263
571 577
668 215
395 578
952 320
820 294
824 53
1177 204
468 475
1114 151
1058 701
552 784
7 256
975 662
1044 10
817 469
279 260
117 153
1028 158
742 757
573 304
1066 503
1074 664
1029 397
1210 324
925 101
317 505
1144 286
1387 771
686 270
168 90
251 432
185 685
752 357
1366 194
1244 157
1179 537
494 698
1367 123
32 225
1416 315
84 197
701 751
963 4
834 164
788 81
522 204
1016 690
630 630
332 344
1010 19
1109 68
1028 426
144 283
60 393
421 707
104 40
617 448
1322 725
1354 546
732 472
602 419
360 316
1296 150
1285 273
1286 715
1347 260
786 599
108 514
344 348
207 137
883 24
807 805
705 387
77 101
66 174
1237 202
391 638
177 599
989 146
269 242
1187 23
1161 258
3 773
1046 707
439 65
557 608
941 79
1198 308
827 527
1226 230
230 309
94 211
1279 292
347 140
1384 32
294 320
1157 9
1229 627
440 67
898 703
619 229
1057 172
582 159
285 652
1364 733
1229 114
725 535
1205 763
386 304
271 35
637 680
489 554
777 460
1333 10
924 469
914 16
1358 194
1212 223
269 150
1171 168
516 488
494 509
1132 114
48 331
1046 363
1491 51
1404 180
1292 255
514 302
943 280
1 26
295 533
296 710
25 187
720 705
174 382
945 181
1059 555
1451 375
474 507
851 342
555 397
669 203
699 55
1076 740
111 482
776 717
871 243
1069 234
155 556
845 360
135 446
793 77
1272 28
1394 809
108 9
1469 232
1247 243
626 576
722 183
490 428
942 136
1253 5
1453 735
1037 213
909 749
923 553
1262 789
702 491
153 429
27 83
849 36
824 35
672 770
545 757
808 440
458 765
1024 250
55 155
763 398
735 487
1306 305
1298 607
1307 52
1322 241
1341 593
598 729
1427 407
434 306
602 262
3 552
349 294
705 580
869 344
1126 757
675 571
549 789
3 201
474 104
995 236
943 326
346 652
285 709
980 423
967 223
412 215
948 768
1176 78
144 142
437 76
31 85
1014 729
757 687
903 390
895 596
208 670
1114 357
1276 345
649 110
258 656
405 69
22 514
1308 287
96 565
1128 392
1471 294
250 13
686 806
786 199
506 736
1222 58
654 648
1008 530
1435 478
342 43
585 197
1347 6
266 627
880 210
1081 430
591 33
912 465
1212 387
1114 561
442 51
778 106
927 637
473 574
1196 329
769 441
866 94
89 363
572 1
31 575
1073 252
976 628
1263 556
1439 507
889 226
1369 172
161 386
1186 505
1120 539
314 582
1196 532
1138 298
947 638
143 432
802 402
425 62
516 328
1266 9
587 578
1257 428
1279 156
1268 795
1121 257
1467 461
322 746
920 131
1166 256
1043 36
617 109
1095 380
1371 450
359 692
1247 61
1363 523
605 604
1175 40
857 368
1497 162
933 571
1473 277
60 115
528 296
1405 333
433 574
1181 635
1050 542
732 194
456 423
1087 205
407 639
728 424
229 674
415 504
1225 479
1492 646
521 676
66 282
636 700
1098 635
887 262
104 151
1377 586
603 407
1487 761
1071 777
1458 321
788 757
581 550
329 243
61 380
39 480
1059 139
971 45
89 138
578 748
293 372
1148 430
759 604
1055 157
645 523
86 60
1359 422
355 348
515 566
594 32
848 782
931 171
1498 68
788 302
1299 419
239 42
807 759
1250 556
426 224
1353 610
1499 417
495 235
447 674
1043 761
756 677
216 412
511 746
1382 356
1316 284
739 749
878 91
822 180
434 797
1455 773
1051 254
169 793
605 558
1363 324
618 130
1335 706
589 395
323 503
1243 232
835 61
978 522
708 520
406 401
634 219
61 244
4 150
803 148
826 765
952 106
870 274
514 365
369 191
1089 485
1005 706
145 778
1092 82
72 217
962 783
856 267
1108 784
1232 701
421 654
1418 662
1498 662
219 177
784 112
1339 767
134 313
1350 776
257 809
1249 196
651 798
752 780
351 524
1220 133
1239 557
223 249
829 561
1483 187
1272 9
402 386
214 56
463 318
489 782
81 470
1288 708
609 117
842 147
1390 39
337 492
899 80
551 426
13 554
1385 38
890 336
1349 499
1284 415
719 137
96 26
398 721
1420 441
562 699
245 572
786 410
329 769
860 129
1339 74
779 596
1136 731
454 505
957 248
151 172
1404 45
854 169
1473 235
350 144
924 544
1463 743
861 467
1165 32
294 406
509 596
507 808
157 123
1029 468
953 421
1169 631
1282 273
126 692
1391 447
1288 656
1269 789
524 624
318 534
1325 805
984 578
159 364
551 590
1335 18
1082 468
1406 91
208 368
252 79
765 685
1479 662
393 117
586 333
47 621
973 793
514 245
463 731
1151 359
640 244
731 744
775 238
623 190
421 753
972 492
983 208
542 345
1309 44
1313 711
927 683
862 565
61 666
912 261
977 308
283 93
149 212
1311 438
1088 467
281 479
885 34
209 758
1075 517
148 119
1186 686
249 707
191 546
1365 426
148 486
27 66
393 87
8 27
1122 216
509 672
659 167
354 9
639 452
1152 229
323 245
385 282
154 781
1320 133
1436 599
815 328
996 71
541 648
1447 619
744 691
230 513
740 194
858 382
1149 765
683 616
950 240
1059 744
506 246
634 746
1101 69
1407 145
1083 504
449 5
218 79
927 133
433 129
816 262
1058 698
266 360
251 484
1313 160
748 104
108 369
1092 687
554 727
1192 626
1020 498
76 284
122 299
791 268
1261 260
390 620
1000 377
1143 12
1475 110
505 655
985 589
231 444
140 51
1160 93
291 336
1325 165
1298 106
348 657
1160 588
1111 459
1366 799
263 651
295 721
331 718
583 1
218 648
444 249
1002 312
879 368
1156 43
201 424
354 83
161 375
1064 117
1232 292
55 439
566 108
355 5
681 708
404 708
297 775
957 736
754 580
444 602
645 56
402 427
1146 191
1282 620
1429 800
240 310
856 443
1267 91
132 726
11 696
861 669
326 529
1120 428
1243 227
1438 572
448 197
2 485
986 239
249 338
1351 570
1237 619
427 361
418 168
14 779
680 335
376 64
935 379
1191 794
1029 750
1490 625
367 807
896 498
479 330
544 637
1075 181
1493 404
720 146
1091 685
228 724
338 33
413 388
127 250
1016 377
291 263
318 36
941 535
1356 543
1189 137
575 295
743 57
436 571
206 25
983 284
973 748
7 572
877 79
1243 345
1194 188
408 348
742 3
699 618
994 115
553 53
1359 679
35 353
354 405
65 619
607 804
302 654
507 286
602 313
906 458
534 527
703 582
260 765
772 402
278 311
169 790
934 452
1466 171
1072 565
525 676
99 258
1238 406
1416 107
892 25
352 163
744 470
1248 355
334 69
226 140
913 806
477 487
981 561
339 394
401 48
1326 100
278 725
1214 129
45 322
1370 746
590 395
940 456
557 460
1327 758
97 171
1198 283
1465 451
747 305
1282 727
1419 520
1459 380
928 4
101 107
534 651
307 52
190 370
550 150
227 95
730 359
996 330
664 603
927 334
782 787
1126 426
1051 371
676 722
955 723
1060 334
1000 470
731 721
981 275
1214 632
306 8
1202 524
698 631
1267 103
1411 516
1213 765
974 3
991 733
1334 638
1046 698
608 757
1012 401
1396 783
475 725
1150 453
1214 584
362 129
1289 569
106 707
444 557
647 288
421 643
984 468
372 634
1216 432
566 689
537 535
473 356
393 744
322 30
1472 153
468 697
1260 500
1343 196
608 266
525 706
647 37
1087 585
766 406
1299 695
840 242
664 807
1163 111
369 398
1134 311
1486 180
706 494
1225 239
699 567
648 668
1488 795
631 796
587 127
1098 491
888 395
923 711
420 290
505 90
928 426
267 247
332 756
1324 714
1459 280
321 581
883 38
1187 717
312 97
1341 522
777 707
537 141
1375 625
238 249
744 723
683 420
1234 290
722 169
841 541
445 144
565 209
176 647
224 133
537 221
1278 592
980 22
1168 228
1346 305
402 2
1255 476
415 346
1491 25
694 292
325 331
366 261
315 580
782 182
190 199
1227 519
868 783
654 233
12 223
263 207
245 600
639 204
676 188
371 27
95 133
12 197
1353 77
1495 505
724 717
1190 789
481 478
946 388
362 146
1087 80
1423 733
171 306
734 680
1025 235
1084 150
1094 311
610 666
867 725
1087 283
1 559
18 434
474 209
288 21
433 50
541 78
29 176
1462 708
386 616
339 3
403 417
883 344
1099 94
1035 406
706 610
814 504
436 760
1314 80
849 777
190 752
870 411
246 183
201 305
426 364
1464 798
689 707
762 210
1252 426
108 371
95 81
695 177
1186 694
1264 241
373 83
407 556
223 259
966 505
800 725
742 662
26 273
51 214
803 535
27 45
606 408
334 519
1190 1
387 639
1379 121
234 159
247 311
1180 434
1419 558
571 303
447 304
493 357
410 273
675 342
858 510
721 285
1104 230
196 541
2 111
1225 675
1012 741
814 136
529 38
500 424
1141 632
1420 375
1178 101
1404 358
1459 493
1493 675
1399 554
822 655
679 407
1365 653
1065 331
518 797
510 498
430 81
990 222
594 578
34 728
143 118
1076 706
915 551
1280 674
1014 504
1480 415
304 245
786 364
956 602
1185 620
926 404
1321 322
202 606
90 248
382 767
468 363
490 181
70 764
685 295
988 599
1274 156
161 587
870 159
410 36
812 630
1473 111
122 662
645 659
118 594
317 73
101 104
76 529
931 808
1056 360
53 384
1213 124
964 461
145 781
1140 610
161 797
628 297
1132 89
389 393
670 86
1256 26
287 789
1234 251
1363 634
1050 150
686 228
1029 617
1158 653
548 43
734 541
386 477
728 587
139 73
1028 533
82 128
1392 646
345 518
1131 306
677 736
792 274
1280 291
1319 389
166 69
1323 735
946 144
134 439
458 370
921 382
1068 137
80 511
12 761
203 364
486 318
870 648
1050 604
567 378
208 621
1440 729
1369 118
690 320
529 282
285 266
1134 419
1432 360
860 1
1105 583
161 734
644 519
1467 467
851 560
1271 482
437 288
367 331
1350 461
423 513
476 25
311 52
158 215
1110 580
746 554
60 657
1268 679
456 163
163 181
184 268
332 247
1062 809
1302 538
1233 159
1456 189
308 800
1254 196
561 246
115 318
174 271
618 98
150 802
99 637
156 455
1387 213
1150 11
219 101
978 668
1048 573
605 445
17 178
743 726
426 106
1479 752
1233 804
984 200
555 45
502 729
241 215
1272 56
1190 794
691 436
820 313
744 117
119 700
689 235
1022 804
737 810
1381 58
1138 275
1367 321
70 184
632 418
561 477
1106 17
281 450
1191 752
1377 690
1037 534
1288 500
966 232
1182 684
1256 546
199 63
484 397
1467 729
609 467
1267 724
252 685
420 52
1390 411
1354 527
1027 35
1127 249
123 269
627 245
174 291
183 15
788 523
1073 686
1131 139
240 696
423 379
1031 518
1399 695
937 511
930 193
796 61
1402 367
1294 24
449 405
1282 223
650 422
1112 808
1208 436
1164 289
23 456
1380 118
1162 796
537 668
1081 561
1069 381
507 782
408 412
921 29
297 807
1394 260
1265 489
1145 268
856 240
1378 89
1094 569
446 591
1016 176
879 777
818 666
224 450
112 628
1225 730
1403 373
1321 174
1309 426
488 208
577 565
1231 267
547 414
249 142
1214 751
1102 679
1466 474
250 10
388 509
426 600
897 533
295 164
1160 791
85 652
308 467
385 459
1203 620
854 440
841 163
293 50
1447 94
1127 572
490 430
215 166
107 498
895 327
1418 798
416 432
1296 687
1288 466
1395 56
670 769
1042 615
1416 91
275 338
287 256
325 238
1451 616
857 12
851 25
1194 685
90 383
621 416
335 721
472 764
623 51
1106 405
783 811
148 417
900 254
441 252
511 5
352 47
30 668
851 792
150 613
1158 686
973 11
1026 472
1476 696
1370 7
555 58
843 322
644 609
655 285
714 28
1230 727
1394 259
1014 292
231 714
1337 402
901 545
892 650
680 403
1328 248
1135 679
1024 431
1293 114
1442 78
334 123
689 63
614 184
1425 460
834 644
1307 127
370 561
1071 134
93 605
1412 682
1421 305
1080 693
720 573
136 429
895 398
816 603
1017 9
980 414
899 380
368 450
744 641
674 630
1072 423
1359 107
263 422
814 722
844 254
538 283
1419 512
220 76
1126 408
415 419
1445 531
245 763
1159 660
823 786
1274 95
309 486
424 809
927 106
547 283
1138 362
891 165
1067 100
929 612
569 459
384 565
77 510
489 71
1410 260
713 544
1487 107
603 297
586 693
657 483
174 725
1139 676
1064 145
1037 528
147 82
177 67
27 663
1489 410
749 596
718 87
609 312
603 679
309 9
1397 225
1458 39
1094 84
1238 307
705 803
287 294
711 633
416 475
662 711
1316 410
334 378
137 699
48 178
661 207
1069 547
147 448
660 93
197 558
1428 589
1336 466
1341 211
1332 492
335 514
145 108
1231 551
515 546
479 525
1205 660
477 242
553 198
18 98
754 685
429 189
827 22
540 169
1474 238
544 672
558 480
868 649
1082 528
1259 571
1212 35
1178 769
33 51
1479 594
1468 502
389 347
28 741
442 266
674 122
397 209
1224 73
108 129
1166 92
323 550
361 304
436 117
127 784
12 485
445 122
1131 365
831 654
911 242
182 427
1051 20
488 49
1493 127
253 583
1151 411
38 180
1082 70
661 356
484 675
468 26
406 248
998 377
378 51
1021 629
826 431
1343 344
474 465
702 107
691 762
959 510
436 720
1160 688
455 326
24 105
1217 413
1158 654
297 640
523 789
924 252
1326 763
363 389
746 76
1458 469
998 303
611 345
1116 809
1353 739
1331 155
340 66
936 508
1022 795
99 36
652 446
446 334
688 182
1320 389
359 36
684 167
603 411
56 514
845 259
1113 345
247 792
156 180
887 39
658 368
983 296
1493 571
695 22
1083 430
71 618
292 694
859 132
1326 351
1167 123
1465 236
1462 47
417 122
920 711
1386 711
872 334
860 263
1379 662
1206 540
1470 6
1092 561
664 297
1310 56
878 405
1099 315
1354 154
356 483
271 806
1327 12
1324 245
1171 809
911 351
602 196
1359 366
745 785
113 250
1345 755
45 794
99 299
1125 370
635 613
1372 375
1331 197
990 587
1447 736
1354 446
455 189
912 490
631 469
996 446
729 402
994 642
1480 666
1181 659
1015 385
99 69
532 702
1143 537
5 161
684 505
600 787
967 20
1434 427
1454 707
185 774
159 57
1259 36
1064 700
464 511
453 322
1368 541
1418 464
287 511
431 145
1054 797
1470 671
278 723
405 583
1240 51
450 279
88 560
259 537
978 270
28 614
849 809
1175 623
674 456
1490 528
601 532
486 258
631 443
1461 158
990 154
317 125
1410 647
1220 611
1073 663
944 671
897 340
1186 451
965 172
471 440
651 91
1379 444
1473 50
1231 643
1309 349
211 772
1103 322
192 480
1454 468
900 483
836 622
1332 786
30 476
1196 13
669 266
192 513
927 194
224 569
1114 77
649 83
1073 233
960 524
337 582
224 748
990 726
1442 23
347 77
72 742
1047 787
1061 617
810 390
255 549
496 605
320 716
998 132
196 363
1107 754
1275 796
927 764
1391 292
858 456
615 425
699 151
1482 382
1189 627
1278 224
627 158
1050 499
104 52
914 698
781 789
669 801
669 788
261 236
206 164
1191 90
44 491
622 332
1018 385
661 563
1270 72
1128 635
1217 651
1253 209
610 696
1067 671
424 594
563 368
710 371
1431 709
859 776
23 156
126 699
500 628
141 546
401 25
476 199
114 299
689 745
1366 320
1100 384
1161 811
1271 289
323 173
729 123
408 410
1004 184
1188 561
933 70
766 627
645 677
102 86
788 130
910 781
1213 782
286 803
125 295
1115 693
373 734
779 699
404 376
776 408
1358 492
314 574
1445 187
1283 479
68 240
1163 44
1271 460
128 794
289 475
215 428
844 316
880 277
373 712
196 5
1400 715
262 593
412 424
1185 653
1382 60
162 629
1186 284
1167 14
530 433
1401 122
1131 353
1429 93
271 459
389 681
763 400
520 448
1066 363
325 778
331 300
958 160
670 395
1310 363
1132 219
1402 170
586 314
1071 327
33 173
637 424
1396 656
1421 722
1076 316
544 701
881 129
973 380
123 434
441 34
147 432
422 585
1367 803
190 549
98 518
524 254
293 146
557 462
135 75
276 386
1341 186
503 807
405 394
1117 760
1453 45
94 182
1201 161
41 411
610 422
1082 664
1068 195
285 786
167 792
1168 470
1127 302
1261 341
1330 447
1467 763
983 225
311 405
1117 324
927 733
838 756
310 154
407 233
184 118
164 635
256 473
1248 316
169 500
734 496
20 401
1181 82
38 587
673 605
766 724
1427 590
1178 667
390 803
860 379
665 92
343 579
458 241
1442 532
833 173
209 417
463 683
649 368
1377 728
266 164
15 789
93 546
364 22
1239 553
469 796
948 351
1318 472
1176 568
519 511
1285 801
853 636
423 109
808 525
455 575
181 223
1402 677
1055 345
66 66
1474 54
1128 757
567 306
979 249
396 704
1266 721
422 39
916 744
385 358
1102 137
932 311
853 629
755 189
819 532
214 446
1425 357
566 44
410 597
514 721
939 388
1045 734
260 756
1446 34
1068 571
21 53
959 606
714 432
278 200
383 574
118 123
10 290
483 613
695 491
1015 783
294 84
124 505
958 40
1341 504
891 201
863 423
1319 639
615 502
446 756
60 542
126 806
442 725
1393 430
403 778
1010 13
805 770
1427 169
900 475
1144 384
563 577
702 256
1222 134
1486 114
503 685
144 320
918 478
274 10
585 236
813 191
669 571
750 517
1433 618
349 571
532 491
748 546
190 737
1027 547
231 574
899 444
635 320
399 559
776 601
674 132
203 69
291 810
702 15
444 420
875 150
1428 289
1080 309
313 17
1102 480
619 367
626 214
1474 626
224 215
1135 554
1406 249
87 672
283 549
498 285
388 758
1131 609
1242 132
706 388
703 148
293 624
912 256
910 629
913 150
625 438
1489 720
773 38
599 645
444 358
468 47
348 70
1378 256
427 258
1031 21
412 638
938 333
1270 474
625 508
165 584
542 431
1278 350
237 132
829 646
562 121
38 642
818 354
591 525
1102 30
340 74
933 203
353 358
559 464
502 85
731 456
474 510
629 87
1351 394
162 109
1113 527
833 255
768 771
1257 63
1044 248
920 714
1067 469
777 61
670 780
1327 587
782 177
1375 276
1027 132
952 539
739 575
801 362
1004 304
1243 539
70 746
1438 193
812 235
50 411
134 27
1017 98
929 677
413 797
355 326
22 524
65 766
990 163
594 303
101 331
923 570
498 186
830 28
161 659
25 623
1070 685
822 418
1095 161
116 510
542 528
315 510
755 200
623 494
1034 709
3 54
449 487
954 480
381 282
1443 398
1397 338
1453 760
662 775
355 378
559 565
1312 75
1240 422
761 663
160 140
738 510
859 572
1147 164
366 116
323 239
981 10
394 388
1249 761
377 203
1234 652
1018 288
1424 165
375 72
820 804
1086 606
994 41
1448 321
626 762
171 762
610 266
612 523
1410 251
1213 276
970 647
1367 44
686 199
663 526
454 46
1430 607
928 309
1483 741
1418 612
902 605
990 459
129 545
641 389
854 590
45 711
228 521
965 135
330 352
1339 795
1317 750
1140 485
1290 514
249 429
716 217
210 635
173 147
31 214
403 499
665 112
315 182
715 488
389 399
818 268
1482 243
1178 758
184 792
1230 228
665 648
836 803
366 112
482 556
1284 707
1188 49
824 588
403 272
54 313
677 154
636 646
304 196
987 324
43 236
1142 486
548 487
455 144
112 20
1479 347
42 421
275 412
882 463
1220 21
823 35
91 727
1424 253
1329 420
1055 39
167 478
438 267
125 357
578 452
288 456
79 621
615 789
972 520
1144 690
439 517
681 648
1357 433
149 175
10 478
1307 480
245 557
125 434
977 285
1169 476
217 483
1078 315
1170 264
423 711
1252 385
166 406
68 379
531 446
743 626
862 444
778 43
1313 339
196 34
1217 14
520 758
789 292
614 803
1146 99
268 370
880 601
188 323
274 3
873 320
1318 501
481 127
1305 165
1179 216
106 78
491 130
701 780
811 108
434 509
165 364
1088 43
242 630
1419 507
414 318
610 279
335 198
281 106
247 96
929 63
395 676
1148 743
529 392
847 255
30 49
281 286
716 368
251 655
768 16
445 463
821 71
842 109
1081 80
58 89
738 97
460 728
441 164
26 268
550 672
1090 440
249 380
1197 226
991 580
414 499
284 53
838 729
405 807
1398 373
1391 133
1398 692
497 492
1306 311
160 432
318 721
951 250
1308 634
55 439
1044 368
1440 263
700 791
579 632
1342 171
855 255
265 247
994 355
215 686
200 512
42 154
1280 719
596 95
812 379
1249 781
155 209
955 587
1391 88
1138 638
1477 76
1389 269
333 124
273 395
5 587
452 676
967 568
594 185
668 256
1491 15
671 521
931 498
488 651
685 657
189 202
665 70
722 222
687 9
264 788
81 490
1471 724
1433 440
1474 203
1404 47
142 274
439 618
168 98
723 269
783 691
279 171
1447 783
1494 62
56 279
592 653
746 331
1076 648
134 405
904 401
784 727
294 777
602 262
1375 418
442 58
440 556
1253 393
1135 526
533 677
386 251
348 425
540 350
908 79
327 339
1309 524
530 426
1218 39
264 796
544 390
1305 448
663 799
1102 295
1443 559
941 27
1178 341
735 187
778 229
895 693
245 273
501 58
1003 63
413 275
823 361
600 688
931 634
1371 669
1284 503
92 254
417 163
519 542
901 274
642 542
440 517
73 449
1422 552
1221 704
693 310
1312 102
76 764
906 381
655 556
174 199
1329 183
749 285
946 376
1203 606
1176 374
242 384
1123 648
657 154
1063 342
683 565
920 415
685 609
1351 373
72 2
1192 155
1313 299
260 33
475 82
584 666
594 381
516 49
1047 537
537 320
435 724
699 682
1390 120
1122 400
1407 739
1162 427
333 79
516 556
593 745
694 121
797 681
967 765
10 228
430 748
423 517
152 674
1469 196
1248 781
705 511
16 499
1183 759
1224 353
690 110
1143 235
212 631
1487 792
1129 101
22 315
1069 513
471 607
1051 153
462 750
1084 456
972 28
670 774
1378 217
1132 459
1428 320
1490 600
713 477
1319 684
946 277
315 366
348 737
524 215
757 741
507 170
804 729
753 402
802 254
909 168
1419 106
164 581
229 662
109 311
255 330
662 351
1 117
1341 620
1345 125
792 165
1017 486
357 502
1318 471
1094 510
585 521
196 324
1010 530
133 557
1052 642
692 86
467 343
275 690
1104 110
1449 713
333 145
276 685
1488 421
1348 470
417 311
889 718
289 271
380 703
50 448
791 356
677 734
1058 654
1440 162
1253 265
570 468
1073 487
1484 298
704 406
727 253
68 726
1189 658
565 768
20 204
313 287
1451 22
1301 633
829 381
636 500
984 683
335 33
529 64
1227 36
278 26
828 434
143 483
682 604
431 493
534 457
743 338
1108 18
1418 272
1203 740
662 122
78 497
920 152
1317 672
316 548
412 452
1153 5
131 801
1199 735
1294 515
1462 618
778 404
1174 138
617 23
872 734
466 599
731 623
151 50
1141 613
689 110
682 387
975 253
710 298
114 540
1403 732
1057 389
395 9
1311 705
1166 495
204 616
1123 567
760 258
228 66
1317 178
153 307
1322 793
72 434
1456 432
552 322
370 290
715 46
1419 462
80 225
1030 126
902 320
1157 792
1449 203
885 138
1448 234
432 343
1192 325
366 206
504 232
416 526
607 607
566 452
1418 788
261 531
1282 644
63 610
1159 254
735 332
803 34
728 310
1144 444
148 620
170 681
179 248
1259 772
773 769
985 682
29 217
806 38
670 283
309 251
1422 151
907 593
603 127
803 692
487 181
245 326
234 126
61 91
17 716
172 447
588 174
528 69
1188 348
1141 428
134 323
1013 12
533 151
1011 509
783 42
312 573
938 248
414 155
1407 796
355 415
1469 550
677 654
1202 200
813 262
1002 116
561 22
1014 705
430 452
668 129
513 380
370 144
1342 505
378 695
97 628
625 302
118 224
1343 630
474 734
578 398
1460 474
251 1
1479 482
958 131
468 686
911 23
546 382
1063 47
356 781
34 734
292 15
250 363
1382 730
1471 10
770 139
1258 790
536 384
1018 537
851 190
1275 670
1385 719
895 424
845 679
1081 739
710 476
175 301
1440 169
223 126
1128 520
666 270
62 622
1129 268
371 676
1474 299
423 284
1082 154
1429 703
1120 2
765 150
562 244
179 688
913 2
1389 485
967 624
17 531
159 804
1401 653
964 90
1038 785
847 589
1256 800
650 369
807 306
1165 464
151 70
1340 230
684 111
546 420
605 800
102 105
60 413
1033 391
1394 561
94 130
120 322
11 325
940 351
1468 759
1404 648
256 99
799 499
1415 723
832 747
134 374
329 614
38 701
418 161
111 416
187 241
1306 93
1051 244
377 509
1425 694
210 310
408 664
1464 729
526 356
720 141
1244 438
102 300
766 573
986 708
820 179
1060 484
1465 482
239 345
848 72
1111 44
317 576
1053 396
698 333
204 277
499 437
119 325
149 397
729 259
1323 697
1180 404
24 364
425 613
192 199
649 401
197 341
898 127
1279 810
228 694
850 29
342 674
507 632
298 385
193 88
706 749
175 54
860 296
1498 252
167 325
1376 446
695 288
447 619
182 237
1177 203
122 645
684 381
1452 207
1220 671
1032 317
340 655
1012 292
1045 501
782 95
1250 20
987 349
201 371
1064 672
609 504
398 679
1372 410
629 725
184 310
761 259
729 406
578 558
1127 489
1320 640
951 43
1024 520
608 517
684 464
962 587
812 269
1419 299
1295 642
785 189
917 513
194 801
821 284
779 140
250 422
1203 720
1482 481
553 67
33 363
1424 175
1440 97
1476 404
1434 337
549 21
809 637
768 548
773 486
484 560
74 451
1356 71
1310 13
289 30
789 342
888 158
1308 583
920 413
1471 336
1025 373
925 358
801 632
204 280
448 253
206 458
818 625
1407 209
195 258
491 210
961 372
447 411
1344 369
165 607
783 802
1200 159
1252 322
575 94
974 649
339 703
983 312
190 489
250 60
1309 684
1245 420
439 12
891 372
393 473
298 683
445 120
198 792
1041 263
1342 577
1130 427
1025 642
694 21
145 281
1330 17
739 673
965 494
592 415
272 433
1155 17
1162 591
123 769
631 71
1027 96
996 601
430 509
153 430
428 409
42 358
741 172
104 672
576 75
1396 799
98 788
494 637
708 422
137 760
1299 667
1390 64
913 647
762 490
375 793
164 590
1035 589
659 247
939 251
144 648
939 541
666 578
1076 677
493 529
792 52
390 75
1425 425
1203 690
1004 598
834 189
1491 619
1455 676
151 496
1462 770
37 318
1034 385
174 770
1414 716
1020 450
1305 107
1045 325
1052 637
96 535
909 275
438 659
290 360
445 27
310 383
931 680
824 100
965 466
1047 798
223 728
560 522
789 756
1322 5
936 447
1238 462
730 554
1158 317
1051 181
1198 253
304 521
1306 312
268 380
267 732
1496 727
16 484
1345 125
762 547
1221 180
266 258
892 624
1377 735
2 328
707 642
1026 167
624 647
1169 239
697 331
923 386
1267 523
1050 424
229 468
1133 523
1033 752
1000 436
1025 690
1381 18
869 274
1247 511
508 646
942 702
133 197
