77
36 9913
19 5266
2 9134
43 3944
30 6049
42 9950
40 1876
5 2222
9 2750
23 9086
11 6477
18 8972
14 908
6 2354
47 7737
16 4292
1 673
46 2816
42 6814
14 6898
2 5502
22 7710
22 7049
34 7203
42 4512
37 3351
38 8736
49 272
21 6682
36 93
7 1808
13 4033
21 8657
31 6362
37 1860
28 2885
20 5225
23 3745
42 701
27 8138
9 1644
18 6944
18 7972
12 305
24 5513
41 4885
32 5397
2 1478
25 7842
48 5503
5 9664
40 6139
14 1246
37 8172
2 5390
39 2023
8 743
3 998
27 4443
34 1961
49 1161
50 1075
12 7899
5 6125
13 3969
42 792
25 4266
6 315
47 3134
3 4169
20 8317
5 8317
48 2122
19 6708
3 3813
18 7278
18 5878
3000
1347 6
944 71
857 62
779 69
165 36
334 48
261 16
474 75
1064 49
339 39
339 20
1317 37
888 36
589 75
703 25
1261 36
1427 53
268 11
1132 7
827 41
819 13
323 5
543 71
821 46
479 46
288 71
391 6
769 44
1090 27
1229 56
718 54
918 12
30 40
607 4
1059 58
804 15
914 4
944 37
640 13
668 2
248 9
970 30
102 38
385 35
1281 52
154 8
165 24
807 31
644 34
1201 74
1011 70
466 5
1154 31
244 74
1393 36
31 70
1240 4
682 52
262 57
784 1
346 4
1071 26
181 22
1167 8
372 19
587 7
1145 75
1316 5
748 74
1088 18
424 56
354 4
135 39
39 76
817 22
811 44
390 57
688 16
20 9
358 38
1261 51
1153 70
771 76
769 22
578 53
629 20
791 36
364 61
763 31
1081 6
923 15
50 8
1345 46
1085 40
871 42
1469 17
736 23
873 11
162 43
1372 63
1441 42
473 29
147 72
1353 62
1008 17
436 36
1435 29
1325 32
1059 14
1144 27
1184 37
1360 57
557 13
1440 24
999 46
654 42
879 63
1369 1
427 71
473 75
783 41
673 31
767 22
530 56
426 69
102 42
918 55
235 71
251 37
595 19
1159 4
552 8
1096 59
495 33
1475 69
703 36
717 31
595 5
562 5
963 19
248 71
1440 75
35 49
1415 71
1070 62
891 45
1027 52
997 63
1356 35
364 34
1132 63
1256 13
1427 56
223 63
392 49
197 44
921 28
671 69
126 29
371 51
857 40
587 40
294 71
991 64
391 44
457 41
1047 4
601 34
77 50
916 43
994 60
1401 70
1396 34
599 11
1401 20
1236 31
1435 28
1334 74
1452 77
1181 37
267 72
768 50
1438 55
418 26
703 60
474 35
92 12
89 66
352 51
1293 40
515 56
1446 1
975 70
1369 30
305 12
779 29
335 76
1063 58
729 71
697 43
43 69
80 71
543 58
278 75
1015 31
990 33
1057 26
360 65
1491 8
1031 27
1180 1
1484 65
786 52
1272 15
138 60
1232 30
396 75
885 45
581 35
216 5
1243 31
718 54
173 50
491 47
797 40
142 4
1052 30
482 4
1459 51
394 39
1135 69
918 34
617 18
721 17
1220 75
564 23
10 27
1396 59
369 33
87 31
1130 19
1449 53
669 14
574 46
582 70
1234 29
812 33
260 55
1381 17
819 45
501 35
1093 60
538 76
891 62
999 36
748 13
914 75
1100 12
246 10
759 52
1403 63
1136 26
442 7
643 56
833 19
1349 52
149 76
1132 63
1341 1
631 36
7 64
298 15
1329 40
1053 67
280 21
1260 60
701 30
908 6
300 19
1204 68
714 38
148 13
1273 15
1349 44
16 36
522 69
1387 3
773 43
1109 59
678 33
640 37
1292 6
1480 26
324 57
753 63
405 21
901 47
1214 51
832 61
1179 24
1456 60
482 36
750 24
923 19
1312 76
1377 27
277 77
688 48
355 48
522 36
397 62
1011 45
542 26
41 30
887 29
1426 54
628 75
1262 35
435 53
854 58
426 4
1358 38
1194 43
1042 56
686 65
1316 77
1414 38
1314 40
735 58
682 7
592 14
237 12
489 53
1104 53
759 60
44 12
135 42
996 55
609 76
576 34
1069 9
40 3
44 53
495 55
1303 47
142 21
737 68
1405 71
1118 70
1320 14
341 37
1467 75
428 70
616 9
179 27
519 31
990 32
1279 1
335 55
229 55
1357 46
426 19
829 3
970 39
713 62
359 63
616 38
560 37
662 4
1191 9
960 20
1046 58
922 76
938 37
884 62
933 55
617 19
1148 32
544 39
107 72
680 17
529 43
1349 8
356 60
502 26
281 40
270 32
552 7
167 8
650 69
855 52
977 29
919 30
1091 18
261 9
960 14
779 17
1328 42
364 60
469 50
776 65
1217 36
641 70
110 75
573 18
162 20
149 50
1207 30
463 36
960 38
684 9
493 48
75 31
428 55
708 61
1354 56
1057 11
946 24
1274 26
364 52
1303 77
1426 29
242 50
609 30
1345 10
1075 62
160 54
1430 46
111 53
962 58
1471 8
236 31
583 52
612 40
74 24
825 54
680 4
538 43
218 61
111 11
99 12
646 75
1139 68
110 74
541 48
139 62
517 17
903 70
814 23
1257 44
890 67
506 73
458 66
388 51
447 20
1094 2
508 18
253 59
454 69
61 5
1131 5
969 58
1285 53
417 48
305 47
801 26
348 52
1430 63
852 31
512 4
171 32
31 29
1333 36
355 47
1123 34
980 76
496 42
121 15
3 65
264 42
1460 48
614 12
29 45
513 33
1150 11
700 3
1059 43
844 70
1173 26
1097 42
929 61
776 43
1141 46
1391 62
808 28
421 58
1018 53
1499 7
166 21
728 71
936 9
1213 48
1031 64
890 29
1097 56
1352 59
338 43
513 8
555 26
616 24
694 71
1172 9
183 75
1426 64
399 27
866 31
1103 47
642 45
530 12
781 28
1231 20
184 3
1338 59
959 16
1352 34
863 75
268 65
1448 37
536 40
314 55
897 69
915 72
1406 20
1389 51
979 10
1337 55
859 49
1284 54
712 9
477 42
315 74
810 2
584 20
1318 58
333 73
952 74
436 24
1464 63
314 11
209 8
745 26
560 8
135 61
194 66
371 37
677 59
1045 9
1056 1
213 53
69 33
1167 20
87 72
1261 22
726 68
12 21
566 4
679 20
983 69
797 62
1069 31
925 27
947 26
699 18
1385 28
1112 6
40 64
871 60
1252 7
172 57
708 14
528 67
21 57
1182 43
434 57
955 31
575 59
133 40
681 34
96 71
517 57
269 37
359 63
148 40
371 63
508 22
119 11
439 34
1017 42
138 46
694 69
988 55
1454 34
833 71
454 53
871 2
1213 43
392 21
932 44
270 4
1437 35
84 24
1018 8
996 19
1150 77
851 77
494 36
527 1
868 32
131 38
196 17
252 58
476 48
193 60
248 54
505 12
501 55
945 75
527 14
482 58
682 4
1467 7
1329 49
324 42
1163 13
226 62
974 31
158 9
150 38
251 4
649 73
547 60
1082 8
1070 7
559 42
1194 11
1305 35
917 68
1482 72
102 7
136 68
539 25
1153 44
1267 40
1054 23
1464 53
1359 34
689 11
1038 40
1422 13
1364 54
725 52
680 76
759 40
856 63
404 68
352 70
240 59
1350 49
1252 54
1042 27
3 57
1292 77
903 28
662 42
279 28
586 15
601 59
856 40
387 5
294 60
19 32
1182 55
695 26
1329 54
1394 1
120 58
1058 26
713 58
846 38
1298 61
15 53
326 20
896 24
404 51
1277 21
546 56
422 42
1211 50
1470 6
1230 11
778 12
867 69
1246 65
337 7
1477 36
579 51
906 73
1419 73
534 72
557 50
296 75
758 70
1252 17
717 18
73 2
1321 56
522 66
737 57
1160 56
52 43
395 32
1435 61
484 53
198 42
862 55
5 51
1448 6
140 70
1115 30
1217 17
87 19
531 29
811 63
50 76
97 65
74 19
1367 8
549 69
1440 77
894 50
1407 60
226 20
1192 6
1094 40
76 73
291 56
1189 24
517 36
137 58
975 42
1371 17
802 71
1183 55
234 57
265 55
523 17
981 38
795 12
582 32
1157 49
570 38
1485 21
436 13
1129 70
724 1
713 48
882 4
1353 60
1076 74
685 46
1117 59
388 11
969 41
612 19
51 63
549 49
680 71
257 11
1493 18
1400 32
768 19
625 14
877 7
98 7
1309 77
1230 20
673 16
402 1
1288 15
1117 32
1286 58
1017 61
104 59
904 61
694 55
1074 6
814 51
839 51
890 55
559 41
372 36
790 35
1017 60
855 36
896 72
501 75
695 18
1261 53
808 46
56 56
1305 32
42 39
1193 11
363 35
680 7
1205 12
1351 57
338 66
619 56
926 50
1 30
729 32
337 1
1095 68
69 57
346 41
856 64
42 33
74 21
1196 61
178 27
213 63
650 12
1042 72
1102 35
1283 8
1175 4
112 28
48 34
1412 9
140 32
313 57
1054 59
1152 49
498 58
1152 75
665 22
1333 69
1084 36
858 51
1499 32
624 66
667 25
655 74
139 24
215 63
316 39
504 20
173 45
784 66
571 7
97 10
872 19
1206 6
108 42
1011 21
1358 32
134 3
201 40
1369 33
1397 3
221 26
1437 77
763 36
335 67
535 30
1232 28
593 63
869 60
743 41
1500 38
935 45
1351 30
1414 69
1425 21
394 31
128 21
194 70
677 54
366 6
584 6
684 72
520 14
140 67
15 26
1431 8
1481 60
315 15
957 51
21 25
692 31
1085 62
1382 15
1269 38
350 8
1446 1
1356 32
585 62
249 33
470 35
871 22
343 42
366 61
592 57
1296 33
1335 42
1471 54
116 62
943 17
702 68
990 59
891 20
1119 62
861 39
823 47
1376 25
1225 46
220 2
15 37
1323 23
1359 23
462 13
1282 35
201 75
979 32
1096 19
151 44
669 40
233 61
1305 2
1224 46
519 34
78 63
1045 16
88 40
617 35
1 5
558 11
542 66
408 74
1066 31
799 39
705 75
694 5
441 60
29 13
958 57
1218 34
1347 28
1329 58
3 24
430 28
567 36
889 51
245 30
1490 29
284 51
866 44
1183 5
1006 16
186 73
355 1
505 66
1195 72
782 50
852 20
481 49
1278 62
777 14
1245 68
1315 21
242 64
587 54
526 73
1349 50
1291 73
1139 36
618 60
753 49
982 46
1184 2
122 24
1214 47
1001 70
1190 6
1322 30
673 71
1433 8
1452 62
1245 14
151 58
1309 70
481 68
1298 8
1206 14
1382 26
1065 22
140 65
321 55
346 8
329 21
268 14
422 64
911 64
305 51
479 25
577 74
991 32
305 20
302 39
708 46
1017 12
1380 75
1105 8
573 13
541 53
597 12
45 19
681 43
1455 5
582 71
1435 4
1170 21
162 39
55 13
644 15
162 48
1266 74
916 65
295 10
1241 29
504 14
714 28
546 41
259 73
1444 24
458 15
326 29
623 11
1485 73
478 66
755 47
28 12
46 60
422 9
1176 60
147 47
888 43
1400 7
1330 48
553 33
19 38
976 9
499 12
465 46
76 75
1111 59
1425 15
886 56
1134 55
379 54
242 20
963 64
289 8
691 75
640 39
1060 34
1175 28
1052 31
1138 35
1386 21
925 38
768 56
532 62
176 50
117 51
665 58
925 57
1432 76
135 44
588 3
1010 23
741 32
414 56
678 31
1402 18
1140 2
345 10
1111 68
931 33
1335 49
1276 19
178 58
913 70
1414 1
814 28
666 36
99 31
1492 13
1283 29
259 22
309 53
206 7
1146 56
578 11
1452 26
1034 10
1021 48
1436 75
1146 40
1375 36
1363 15
759 33
854 39
1356 15
969 35
316 64
19 52
832 42
376 28
120 32
824 33
1461 12
394 68
1461 68
982 77
956 57
125 76
1254 32
181 68
19 47
1350 28
941 15
552 25
270 66
335 18
518 20
958 48
403 70
1010 8
1391 27
1193 2
584 66
414 68
1495 8
48 71
587 72
330 20
1071 61
1181 65
95 68
1259 16
1205 25
1075 19
1033 43
1268 47
779 15
1018 12
177 41
765 65
681 75
10 3
908 1
387 22
960 47
299 71
1255 25
415 69
444 59
1031 2
1424 24
790 13
924 23
1175 36
533 62
1076 3
1256 74
506 8
628 44
492 2
328 10
514 20
220 12
276 58
490 50
1476 3
984 77
1074 41
1221 58
1267 59
553 7
11 21
694 18
1201 25
738 33
204 69
890 70
989 12
1306 49
1187 74
596 69
1231 40
1071 17
572 35
1415 56
1298 43
1227 71
1258 57
772 72
154 75
708 61
846 36
1118 26
960 21
1127 5
868 24
1117 36
704 71
431 71
1401 46
1497 67
480 64
1176 69
1424 9
405 62
368 61
1448 15
1104 35
1316 65
1105 4
884 23
794 69
1141 51
1162 41
683 58
6 70
499 59
972 24
338 41
1341 68
582 54
121 56
992 12
247 76
1089 6
1435 62
861 74
780 44
1317 75
728 42
1313 27
1494 44
1178 35
1095 71
916 64
827 28
1448 18
649 30
38 18
302 59
788 55
1397 33
1152 42
1219 60
1312 66
1289 37
91 31
909 59
1034 4
1219 16
558 75
680 61
895 9
1382 25
370 62
1133 22
1065 65
40 39
1468 16
1401 30
196 51
465 55
933 50
759 32
307 40
44 37
728 19
14 77
1330 5
1310 61
1322 70
1074 15
231 49
638 41
219 22
1132 24
105 65
767 39
388 53
1446 11
1494 74
587 51
759 44
462 6
861 39
549 6
568 32
903 23
991 19
647 53
912 16
114 31
1464 30
1109 40
925 42
1287 62
873 61
957 4
725 59
532 63
1226 67
1389 67
122 55
1085 36
895 40
522 47
1342 55
736 28
9 75
705 59
60 51
714 4
909 39
488 20
1463 26
405 36
1197 38
977 12
37 24
1018 68
480 44
636 54
1327 45
261 77
136 63
769 47
1496 75
294 50
973 24
1168 8
570 40
676 35
211 55
1356 38
599 56
602 68
455 73
391 6
995 6
288 14
925 59
1272 39
593 33
1469 71
1158 4
124 18
561 73
1129 70
1270 18
297 38
59 68
1437 42
914 11
791 13
619 70
166 23
831 72
946 40
1240 62
1435 41
1176 41
814 38
44 55
831 44
97 25
376 46
427 41
1472 23
1118 74
1462 51
149 54
964 17
245 52
915 51
217 40
264 7
1309 38
1475 14
1024 73
384 29
668 1
1198 67
1452 65
221 22
211 31
1131 17
516 11
253 41
818 60
1406 4
1355 3
1321 72
684 69
681 4
1201 8
478 4
210 17
1095 27
468 37
1113 67
1373 14
301 40
344 42
820 17
1417 10
1200 77
1476 30
448 19
1380 58
743 31
1152 3
659 74
111 47
933 10
179 49
1147 13
52 8
726 61
421 41
1367 21
842 36
715 29
904 22
751 56
916 51
600 53
253 63
926 77
379 73
725 35
1333 24
1335 19
1257 71
1436 25
335 77
641 77
1293 34
361 27
539 68
273 28
820 40
710 27
454 34
453 61
203 71
413 48
841 9
290 26
724 5
427 24
1181 21
158 74
11 39
595 34
386 75
631 55
778 6
201 17
763 4
469 14
1037 2
55 54
1024 60
365 68
1329 55
1276 56
1116 20
1071 28
854 41
745 45
989 68
344 61
277 9
498 57
283 71
784 76
230 22
1466 2
438 7
725 75
1230 60
629 51
273 20
564 6
339 38
686 67
86 68
115 51
71 45
425 30
584 76
495 44
543 36
66 74
538 61
1274 62
967 10
127 50
102 4
1290 66
1261 25
1068 32
820 3
100 48
616 59
838 43
1390 71
932 20
889 19
265 46
146 5
20 3
956 31
381 58
298 74
708 5
1375 2
1253 10
561 77
390 27
1121 39
308 13
167 47
1187 31
852 59
560 19
116 9
503 64
192 43
63 37
282 1
727 13
173 49
1052 14
1100 67
1386 61
571 29
540 18
229 26
624 21
998 77
623 10
640 63
993 50
959 18
1096 20
630 49
683 46
666 16
1435 18
1450 32
1153 57
283 75
1384 14
671 19
538 31
416 39
274 37
1337 59
896 38
1007 55
639 19
959 26
853 21
929 9
1098 69
670 65
757 8
321 54
160 3
222 72
30 63
1287 15
1007 69
721 77
324 54
1293 36
1202 1
826 38
416 38
1427 60
597 77
765 50
376 29
1365 24
17 61
1179 18
160 36
1242 25
751 43
472 71
907 47
647 9
276 77
550 74
1089 26
758 71
1164 12
1030 52
641 21
713 56
1246 48
451 65
266 55
1418 24
788 59
71 63
987 36
1239 1
10 53
453 76
85 27
1212 1
1285 4
1036 18
133 25
394 2
454 15
434 3
676 48
636 62
185 75
656 31
482 63
341 54
222 63
456 74
9 13
1369 11
543 53
336 4
885 65
136 42
1179 19
353 3
633 68
1392 20
1161 69
1261 15
519 53
479 21
434 41
982 28
452 20
456 12
463 65
1049 20
1267 74
1495 65
873 48
682 49
692 73
613 60
48 40
780 55
776 36
703 25
1365 61
1404 36
1490 18
210 17
161 34
745 66
315 11
927 11
1301 68
204 9
1111 24
198 51
653 44
413 22
768 13
953 59
1106 45
887 68
997 59
1366 23
932 34
646 65
44 16
1428 7
916 21
611 21
1071 14
1352 74
623 57
455 70
837 72
263 14
1097 10
645 36
950 16
841 11
989 58
1284 53
1455 14
1231 11
455 24
1417 12
687 18
1497 53
1214 69
276 31
223 56
4 37
655 58
124 54
794 3
232 66
576 43
487 12
1196 46
1058 58
1414 50
927 25
1275 3
293 45
1447 33
702 73
262 77
1358 29
1065 31
561 26
390 7
394 38
107 41
366 63
545 8
661 38
628 52
686 65
959 76
1359 74
347 3
590 73
1020 52
893 18
798 21
1129 16
501 14
3 55
830 30
644 59
1245 48
1076 75
895 66
1416 25
787 60
732 45
762 32
1165 32
465 55
456 49
1120 17
648 16
356 14
61 52
1316 57
1043 76
106 17
1306 38
374 19
461 39
610 7
155 16
938 63
509 75
1055 31
821 11
981 23
1336 14
228 52
797 47
1332 61
1313 41
1344 71
721 56
631 64
1266 47
998 34
72 72
156 23
371 53
855 16
218 65
567 56
308 42
1010 49
1162 50
756 31
1355 4
376 55
891 13
61 33
1136 55
443 17
66 18
1191 70
1327 14
486 61
1020 69
871 51
1162 54
1111 50
1412 27
1177 70
51 56
376 24
818 41
1078 12
1171 59
1302 75
1295 3
463 5
1364 73
767 6
463 50
375 39
1418 57
313 59
649 11
732 18
1051 73
5 74
935 3
50 36
313 9
1424 40
152 64
1457 4
1101 48
3 52
309 25
1309 56
270 20
570 31
671 62
1060 23
984 19
855 30
1054 7
1162 6
595 34
1496 34
1142 70
220 30
517 27
1127 64
164 73
1434 73
256 20
867 63
1138 48
1213 37
535 4
393 53
1221 64
262 13
321 31
1050 58
1322 40
169 13
438 16
522 2
1286 1
1287 56
1166 28
396 61
437 18
159 10
1399 15
316 72
16 51
745 22
486 15
287 46
1020 28
108 65
661 51
944 29
791 77
1298 4
33 45
408 58
1150 66
1295 21
72 70
177 67
717 70
107 28
59 12
1408 49
1407 32
484 65
490 75
1177 35
638 77
815 55
630 43
1433 29
435 73
69 59
206 50
1375 42
829 3
1102 27
1334 47
1440 68
608 59
1272 71
929 14
1260 64
1327 9
936 24
895 50
905 70
1380 52
852 33
401 4
1129 58
675 9
61 9
155 59
1449 57
1022 10
493 32
5 38
1231 76
425 57
1073 20
417 57
1346 42
126 76
266 70
1324 20
384 68
135 38
733 75
392 21
1176 67
1242 75
538 69
101 71
747 28
225 23
725 39
537 31
128 35
1042 64
251 18
565 44
1437 67
893 31
1459 47
557 8
801 73
393 2
200 22
1335 56
1318 53
692 59
1455 14
186 4
218 76
1129 66
1148 50
327 35
1138 22
955 60
1347 13
1295 56
1012 16
1164 59
1392 36
155 40
954 12
71 23
1209 10
227 21
687 26
481 72
1194 69
748 19
1124 68
1048 2
1246 5
997 33
1428 44
164 57
1087 44
578 35
862 58
965 1
825 72
937 67
765 16
590 1
89 41
1190 18
1154 41
827 56
347 37
150 35
807 65
999 30
185 70
952 29
1433 33
949 59
934 52
666 33
1000 40
448 29
186 22
314 42
546 30
575 42
1462 77
382 27
1184 54
375 69
284 8
435 24
1416 16
470 62
132 49
698 16
1094 43
742 32
1049 52
674 20
908 76
994 45
531 37
774 12
762 34
892 53
1071 37
1163 49
386 20
1173 28
1165 55
718 61
1496 26
506 74
883 41
495 22
570 18
249 38
1021 9
947 8
1309 24
483 64
1217 54
948 31
1331 58
1156 44
1261 44
142 43
161 31
54 63
317 73
1282 65
929 48
432 21
1186 3
688 4
1100 13
1337 27
726 55
994 11
87 49
864 9
1443 53
1283 69
1488 41
1321 27
527 50
1353 26
603 44
297 44
789 37
310 10
444 56
384 44
286 6
29 12
179 62
916 69
416 52
915 43
811 76
1443 15
726 51
884 76
342 7
543 57
1103 30
882 52
1172 39
1226 48
1422 74
1004 62
1198 47
554 60
751 65
1431 74
801 23
159 8
268 21
660 42
591 25
886 45
778 70
1470 56
1154 58
753 24
1181 39
1398 12
1396 51
31 63
934 18
989 47
1245 67
969 7
946 68
1253 53
590 59
375 66
971 70
687 32
512 5
1039 51
1069 18
668 72
748 41
1422 73
395 33
477 12
380 17
60 76
1036 17
460 8
106 71
209 5
1391 37
620 40
580 63
83 77
88 70
1192 4
252 25
1343 13
669 61
641 17
1041 51
879 63
469 29
734 27
910 61
1222 33
9 31
643 36
1071 5
849 2
386 31
437 34
102 45
71 62
915 10
258 7
487 36
745 14
953 33
381 19
1310 28
1472 22
124 71
152 34
1464 57
847 55
271 51
569 58
860 54
887 68
1265 73
155 31
1020 8
732 13
1319 20
212 77
1247 75
1021 49
1300 42
511 6
820 38
869 10
1208 58
702 62
1481 73
863 45
474 65
953 42
1384 14
436 41
793 15
1474 75
181 60
461 8
956 63
206 36
775 77
1487 28
353 40
1295 59
627 28
1413 48
358 28
1306 26
1286 18
811 67
341 45
862 57
1366 5
1225 67
946 6
771 47
619 22
367 29
524 60
951 15
1378 6
1304 30
460 29
1218 26
1070 62
346 57
1357 20
1016 34
1147 31
230 38
1293 60
1212 1
518 19
732 54
164 67
300 6
1133 55
967 46
965 4
1484 5
1382 53
163 50
132 32
718 6
1407 25
123 22
874 7
184 19
102 47
1004 74
1481 54
1278 60
951 8
314 49
1311 65
1092 40
604 15
1068 52
1228 3
575 37
781 41
1302 66
556 38
563 70
960 52
479 35
1093 6
983 26
67 64
292 10
291 42
1068 34
1326 38
1076 12
1479 64
716 73
495 53
142 3
90 11
351 22
522 63
38 66
1233 10
660 11
1049 74
353 10
154 47
840 43
605 57
1252 57
674 37
1288 10
684 11
428 52
1349 63
971 58
651 10
552 3
241 61
1126 4
544 62
503 51
407 41
1469 46
1069 54
72 42
697 49
278 74
1275 44
549 71
802 43
46 75
924 77
777 74
1106 53
279 67
1190 33
724 22
1500 32
58 7
189 23
164 7
993 74
58 22
143 64
204 2
338 46
1432 18
363 66
493 72
1129 9
1017 33
106 16
1283 72
1420 18
290 15
450 38
690 46
651 17
440 39
470 50
938 73
1353 7
972 11
672 63
1239 56
567 50
1080 15
803 36
109 33
1471 1
611 8
1254 76
331 20
136 74
811 68
1053 7
274 17
1386 57
368 42
312 9
1407 26
259 75
518 14
911 76
568 50
367 68
816 25
975 18
708 30
739 55
922 6
1032 55
1231 41
1315 62
1364 62
565 58
1071 36
1420 67
245 54
971 13
975 18
488 59
941 57
429 4
1246 67
1064 11
481 47
709 25
913 74
243 56
181 34
184 28
1203 33
1447 26
717 52
318 64
121 71
908 38
59 45
1463 6
13 50
240 20
319 21
588 60
788 10
956 56
572 59
58 19
1416 10
1026 71
830 53
352 15
910 38
628 17
680 29
437 10
1296 58
1365 58
1334 74
499 48
844 5
646 70
154 63
780 41
431 4
991 73
401 69
1415 17
703 48
669 29
1399 31
235 14
1140 12
646 64
176 47
712 11
366 32
1263 11
789 67
902 54
812 61
1286 16
634 3
1116 1
1096 19
790 10
397 74
1353 34
1117 2
773 63
837 59
1445 22
840 39
1299 26
1111 57
783 52
379 8
331 28
431 31
650 8
995 70
241 4
1445 19
982 54
57 68
846 4
1296 63
567 47
1251 30
1445 11
717 49
1129 58
1045 27
1208 74
248 12
158 61
307 50
1410 21
744 44
788 71
1132 5
760 16
466 69
624 27
1374 62
1325 6
25 74
789 70
753 57
320 50
784 37
143 40
40 36
1452 70
105 2
1067 72
536 66
1071 42
717 72
689 60
1035 55
936 7
1478 74
1113 65
694 42
19 62
613 71
738 33
76 73
430 71
29 30
1214 17
1232 50
141 53
139 35
1014 54
568 70
1188 63
1456 23
764 57
688 16
683 69
700 5
680 22
1453 46
656 15
1021 20
175 65
32 39
1255 28
222 16
1376 31
373 54
311 70
237 28
804 45
465 25
762 55
433 73
117 39
673 4
1150 13
680 44
1034 42
1444 23
71 49
600 8
722 57
1074 59
1069 12
1061 40
838 14
602 38
934 63
391 27
1428 2
1103 51
534 46
695 63
1462 51
155 43
30 42
4 41
147 30
1407 18
232 28
1393 50
653 37
1236 46
244 33
555 27
842 10
790 65
674 21
421 64
1447 49
515 70
676 47
1402 26
308 13
379 74
876 15
453 69
805 34
1279 23
632 12
1205 14
240 68
1149 72
219 14
722 48
1 69
930 69
573 59
299 68
850 37
918 69
825 75
1194 45
1237 7
260 57
58 42
1247 57
1457 69
1065 3
1036 56
1238 47
708 27
1202 68
885 23
1467 9
425 39
666 33
871 47
1266 41
832 7
991 17
1388 14
1369 70
559 41
1323 24
859 9
808 55
937 74
370 48
1081 67
166 25
1256 52
1191 45
345 33
147 26
340 59
491 49
806 22
1300 18
1042 32
1097 58
1442 16
494 17
153 39
164 56
1117 50
59 52
1297 33
318 55
1023 22
164 37
1190 26
1010 62
315 50
285 24
92 69
1002 74
1377 75
1456 51
882 21
447 41
187 7
55 45
811 71
115 41
820 19
992 59
1105 62
774 1
1440 73
1367 34
513 6
915 44
284 36
627 20
769 46
67 11
1381 61
564 47
525 28
27 50
1413 9
1377 47
832 11
1467 13
672 65
315 39
1094 14
191 42
287 73
284 57
320 10
1378 75
1350 50
501 67
1419 17
230 1
1172 8
341 67
776 30
907 28
854 27
680 72
1362 52
1013 13
276 2
198 62
848 6
1 45
32 32
1281 61
990 73
838 77
503 71
179 22
1466 68
1142 41
1250 77
689 60
1260 72
597 3
862 4
383 49
680 48
641 26
189 73
830 65
229 18
1090 36
564 11
656 48
1443 5
863 17
513 2
1143 30
642 47
73 67
224 1
932 43
100 61
1440 32
946 3
847 4
48 38
821 47
378 60
716 3
257 62
1089 50
127 46
644 71
587 17
1265 71
497 47
841 14
1183 14
951 4
1153 69
473 11
1480 53
1031 26
314 36
160 69
803 54
1497 31
516 14
1408 77
157 75
782 63
387 21
1376 62
893 43
178 19
237 10
172 13
829 77
403 18
377 56
616 36
55 46
619 49
1178 26
226 28
1146 36
255 56
986 6
487 7
83 31
1365 73
537 50
1462 72
463 32
973 55
157 29
1054 49
381 62
132 62
226 76
1121 53
993 29
731 38
110 11
575 7
326 7
1176 46
925 35
983 44
943 66
243 46
1139 70
1273 77
613 61
1193 66
266 39
980 63
1172 42
951 10
137 53
1107 24
1358 7
1304 6
830 14
46 30
974 60
1068 12
986 1
1361 17
996 25
998 39
400 35
131 11
47 54
1244 57
1447 14
1246 3
1271 14
651 40
714 45
996 22
364 68
709 57
1351 34
204 41
1319 5
1129 15
132 28
965 64
422 38
684 57
1176 61
1202 67
570 49
1299 69
985 57
936 39
988 44
1149 28
1130 46
778 51
1130 13
198 23
885 25
275 39
569 41
981 62
840 28
341 18
1341 3
848 69
189 66
280 27
419 5
446 29
1016 38
606 22
86 75
353 74
597 25
957 30
1141 65
1238 36
17 60
679 4
1044 26
568 46
301 54
429 19
850 22
173 60
1374 2
1491 77
235 39
817 41
501 2
1131 19
1413 5
439 39
465 25
838 64
335 42
963 73
169 21
101 36
666 3
371 29
906 54
1070 61
548 57
1477 23
649 63
259 55
375 9
14 3
1101 30
750 26
49 41
1482 38
648 1
357 50
967 25
1437 3
301 72
165 68
186 15
550 77
1428 74
1097 76
799 51
246 21
791 72
793 73
873 5
876 66
804 11
1323 33
896 36
1040 15
637 26
1420 59
62 18
1435 17
626 68
1380 65
583 64
961 40
160 70
1082 46
882 7
1442 57
196 46
1027 20
1226 55
1392 41
561 60
849 46
1383 10
1049 57
756 32
96 17
797 15
927 65
251 11
