901
8 5317
9 7160
11 8131
26 2000
4 2875
13 1647
23 6153
41 2360
30 4505
48 3971
24 8631
32 8839
37 2875
36 3203
2 9641
50 4881
38 4040
23 74
34 3618
12 5631
16 7523
1 5621
29 1065
39 1778
16 5209
7 1092
9 9489
32 6045
46 3071
42 2018
11 9984
3 7147
8 8599
18 8138
32 692
22 7642
50 424
21 1241
14 2546
15 5250
19 6250
12 2834
12 4375
41 480
9 8935
4 3131
7 7505
34 6059
21 4437
5 1933
23 2686
34 7555
35 554
9 6359
16 2690
48 682
27 8962
13 9996
15 9543
32 71
25 5722
40 9549
1 2157
33 9981
24 5926
8 7098
35 467
20 8801
6 4980
38 5181
28 7658
15 3921
20 5504
45 5480
11 3031
13 2113
15 8970
6 5719
44 6571
46 3096
34 3771
50 1898
37 4240
42 226
20 6006
4 2320
16 3322
50 6869
4 3512
2 1358
17 5554
39 9615
50 7560
9 6107
1 4791
40 7736
7 46
50 5892
28 6220
36 6720
26 6360
50 5061
6 626
13 9470
29 6338
42 8875
36 8375
28 542
35 1586
48 9504
33 1601
20 128
15 1219
17 7589
27 3622
14 6609
25 5454
43 8059
23 3705
24 438
47 5494
31 5155
47 2019
17 1019
10 9319
29 3286
50 1713
27 1132
13 7646
14 2423
42 4790
32 735
10 5156
29 8937
17 7184
19 7295
47 6215
10 2041
35 8582
36 4177
47 8581
41 5455
25 2733
3 1236
43 5145
16 4363
20 1961
6 5710
17 3931
35 6696
28 3979
8 2575
32 2026
23 677
44 2552
37 7060
19 215
48 2872
24 9062
32 2280
7 6231
46 7554
22 7224
6 6622
45 6264
23 1040
24 8040
19 5863
49 3203
31 423
4 3779
19 2126
21 6887
17 3104
27 9358
11 9218
47 3098
47 6529
34 7560
10 6461
49 7930
22 2856
1 3175
36 6955
8 3208
1 2495
33 4383
47 7306
28 1355
47 8613
12 2327
44 2574
32 9743
48 7516
18 453
19 3253
25 350
23 1415
37 4721
35 3525
40 7808
16 529
21 6987
45 8256
33 9188
23 6269
10 6716
38 9127
9 5718
23 524
40 1918
45 3701
6 3683
21 1771
12 989
29 711
34 3194
29 549
43 6362
40 2844
1 4291
27 6809
50 2081
13 1218
26 6138
4 4142
22 4949
47 4211
22 1561
28 5770
41 6400
31 530
18 2728
8 6140
14 4549
37 6555
6 7168
8 4191
29 9502
2 9705
11 1130
28 928
31 7909
20 1818
41 6529
45 9047
19 5496
27 3544
32 7087
40 5090
41 5611
43 2800
28 2332
17 7754
32 4984
12 9689
16 3401
29 8130
43 7871
23 3600
32 9558
36 4061
17 4135
18 5122
46 6055
42 3049
41 1182
30 5315
46 7335
18 694
4 9377
35 6615
33 1139
23 9221
35 2965
30 728
7 4676
11 492
23 2045
21 1700
30 3693
15 5064
38 6700
43 943
3 6926
41 260
45 2033
4 7188
8 4564
3 4901
48 5430
22 1812
30 8624
29 7734
50 959
16 9019
19 2277
34 9568
48 7637
22 1502
9 8992
32 8975
20 2866
14 7471
19 1413
32 2314
19 1378
35 2644
7 1709
43 1925
32 4155
31 6129
29 7233
15 9318
49 7580
34 4823
33 1091
46 75
12 9430
41 5315
29 1723
36 2889
18 1506
13 5558
17 4901
42 1523
33 1107
48 1794
31 8408
14 1975
46 5590
13 5886
35 1694
2 5638
45 1150
14 1021
22 7430
46 9297
39 4843
38 8747
46 4632
25 3165
26 4034
45 5391
30 74
37 2043
18 3146
5 6004
6 5244
22 6695
2 4305
30 2713
25 1527
35 4286
38 6362
11 7952
46 2568
47 2837
2 6868
22 3319
40 8654
26 9468
35 7238
13 4281
11 9099
25 3262
38 9821
6 3714
40 2617
5 2989
16 6509
19 5074
12 3628
44 5297
29 4201
11 6243
44 5918
23 9328
19 7144
39 560
27 4156
14 1572
11 3734
36 9526
27 8564
21 7791
43 2368
5 3684
19 7538
39 5160
48 5555
36 3119
10 4921
7 1692
39 1452
3 8629
34 121
17 8063
49 2552
48 2223
22 9684
49 2293
22 327
8 6297
42 8207
50 943
2 5118
41 5133
4 5561
22 9635
31 7380
6 7441
23 6974
15 9391
47 4969
28 6816
35 6460
32 7133
31 2608
29 691
26 3918
10 6948
24 4394
4 6816
39 8500
33 2282
31 7501
20 4627
7 5335
23 6321
28 3135
19 4652
18 9571
20 6852
10 8837
36 4438
5 4956
8 821
4 2015
33 5563
40 8854
13 8782
5 6771
7 1884
45 7825
49 4797
27 8307
8 5969
32 7294
36 2116
47 7123
18 259
22 3132
31 3640
45 656
5 9167
38 5668
15 1367
2 2856
4 41
34 5376
36 2421
19 9162
19 2629
46 61
20 93
8 3538
20 7066
14 2097
24 1643
15 2392
36 9144
11 9415
22 960
50 4813
41 9075
30 7497
47 7936
23 6198
33 3180
28 1870
14 5480
6 9660
33 7197
7 7164
24 6888
34 6274
18 8395
24 6414
6 8049
38 8667
40 6828
24 8683
29 4625
14 218
4 1778
40 3578
47 9405
28 9745
16 5188
27 9355
35 1043
15 4048
49 9067
42 2051
23 8930
6 3473
13 4626
19 3177
28 8375
37 6213
30 1775
18 4160
44 6745
22 8577
3 2240
40 9661
14 3792
42 8009
39 7779
12 6014
25 2814
37 221
14 5058
12 170
27 8970
30 4126
19 7942
25 2270
31 3172
47 5057
4 1996
36 9232
46 4776
9 3102
27 8806
42 6531
22 8952
2 1032
25 5106
37 6490
20 4792
45 8488
16 5921
44 4672
46 7165
16 1752
19 6780
10 9927
6 8081
43 3822
8 1835
10 8118
46 7915
32 8872
41 6292
31 7182
35 5026
7 6511
36 6454
3 3385
21 8895
50 5449
9 8545
29 1075
27 6927
14 8463
40 1687
42 8506
39 3515
27 1043
47 5622
28 6676
49 9155
18 2180
15 8035
39 3810
6 3099
30 5035
14 5835
34 129
2 8136
6 889
31 7592
6 5962
37 5846
14 3482
42 9916
17 7827
9 6292
47 1264
34 8144
9 7346
49 1715
27 485
10 8530
39 3218
26 3141
6 4108
3 5010
12 2828
37 5297
4 8433
42 132
21 1216
5 1563
23 6403
45 9426
28 4608
8 1530
38 4047
5 1951
36 6295
3 195
50 952
32 7159
18 3827
20 5005
30 5578
33 1314
7 7481
27 4996
30 552
20 3587
46 8649
48 279
34 9117
49 6014
21 1768
19 5598
16 7010
3 6938
43 6501
10 8129
36 1202
35 499
14 9498
41 8243
29 6563
31 5262
6 6791
8 5210
42 1100
23 9274
13 1296
24 7376
7 1569
16 3609
5 4637
23 6823
48 7774
28 2072
35 4580
36 9418
34 1148
3 7965
43 3766
7 1489
47 712
18 1631
36 5230
48 9388
15 9453
1 491
28 7952
5 8860
26 920
39 267
10 4607
13 7437
25 6264
25 9342
16 8840
15 365
19 8381
46 3778
42 6164
32 1503
16 4466
18 2306
32 1865
8 4034
24 853
32 1704
33 1249
29 293
47 7754
47 7068
11 3117
34 9924
7 2497
50 7750
15 5672
18 7444
22 1907
4 5456
25 77
4 6442
22 2198
24 8589
11 4924
44 9492
49 3258
48 8731
21 2785
19 2750
1 8218
48 9350
32 1488
47 4479
19 7220
14 350
47 1747
30 2372
7 2794
42 7866
22 9418
4 648
19 9046
49 5865
45 9231
2 1453
47 4785
10 425
50 1617
14 2596
9 4473
44 4447
32 9924
33 7857
43 7959
33 1847
17 4336
33 8498
34 917
3 3887
20 1640
47 4283
13 7125
43 8535
14 8065
28 1413
35 6952
31 8251
3 9800
22 2138
2 8375
19 6066
39 1991
6 4511
24 5482
41 964
47 1563
42 1668
42 6477
5 9168
19 5041
28 6643
15 6393
25 1510
43 2866
5 6519
44 1304
3 8595
19 6949
46 6001
36 4136
46 1452
4 5249
43 4044
45 7514
10 3332
20 2015
38 3825
29 6555
21 7550
33 2196
47 1387
14 3473
19 1044
21 7522
2 1253
7 8776
46 4387
4 2044
18 4976
19 9060
24 7066
29 7143
12 7471
34 7322
19 9556
9 842
30 534
50 2636
3 4055
26 8861
42 465
42 8053
46 8001
5 1428
27 5134
5 2925
17 8173
16 5048
17 2781
29 704
48 2925
10 5828
4 5460
1 7504
34 8005
25 7321
13 5465
41 5475
41 9534
49 1681
44 2846
2 491
15 3133
44 8980
21 1002
47 4059
7 328
18 4736
44 6025
10 6367
11 4693
13 5560
26 9015
35 9615
27 5366
15 8776
29 9618
48 5010
35 5268
7 7384
18 614
11 5869
15 4906
4 5242
27 6786
28 6756
48 2404
2 7065
45 4414
41 325
13 3487
34 9228
33 3241
14 2771
1 6508
37 4156
49 183
12 1383
44 6787
21 1153
7 9395
34 627
14 616
1 4229
50 9803
1 1069
38 8236
15 3927
26 2258
7 3687
36 1103
35 7013
41 3154
41 999
9 1757
30 7434
47 6464
16 5803
34 1763
23 2078
42 5443
25 8394
34 5618
46 583
19 272
9 7486
47 9621
49 9129
47 698
6 3988
18 6183
33 4300
6 5236
36 7865
27 7783
13 9632
6 8887
35 5174
35 7810
4 9128
26 5235
11 8136
39 2242
46 1793
26
920 399
1327 484
403 891
284 518
1119 820
1078 438
1275 524
524 594
364 493
1342 485
1053 787
720 795
300 109
119 411
237 660
166 348
180 839
1036 16
710 740
490 475
335 119
799 534
772 81
846 269
947 413
986 600
