88
11 6590
5 6903
38 7619
32 9002
31 841
29 4035
31 1132
25 1494
6 2211
26 8176
17 989
22 6213
18 697
6 1601
28 1529
23 4126
32 2175
5 548
32 2771
27 3140
27 3352
37 8088
47 154
45 545
11 6117
5 4948
35 6160
44 3379
7 7514
8 3777
18 5554
40 7352
11 8277
31 8164
21 450
44 9829
15 4103
21 8959
23 9511
31 9982
44 8854
43 5152
2 4444
9 4770
13 4700
40 6190
18 8966
12 4857
15 7223
45 543
28 5424
37 9546
26 5219
8 1410
38 1872
6 6624
35 1582
22 2543
22 2623
6 3274
25 4331
23 4436
3 7883
4 3685
30 3525
19 9706
1 6349
5 6464
50 6465
23 3142
24 1579
25 3203
33 1844
17 1224
23 1859
39 7287
40 2581
4 9940
34 7120
38 7548
1 9030
32 4569
9 650
19 892
39 4197
7 5284
13 3774
41 3733
25
1472 64
1199 28
1150 27
316 18
1480 86
241 68
1193 52
1170 17
966 57
435 17
812 17
1462 26
83 18
513 3
881 59
1447 28
808 58
83 30
658 87
1339 36
1428 15
866 45
616 76
95 61
211 81
