610
23 3668
27 4841
48 5126
37 1676
35 4234
6 2055
42 4936
26 779
21 8127
48 1214
21 1751
8 2841
10 7293
11 9168
32 2051
3 4704
43 8509
13 3580
12 7812
24 5059
11 35
2 1563
44 4954
4 3228
41 767
45 1075
13 5388
9 784
1 5921
39 1453
2 8307
42 2513
31 2757
21 815
18 8545
11 9771
9 7861
39 6701
26 242
49 589
47 3035
22 4857
16 2627
12 7638
16 224
9 4488
24 4351
13 3451
11 5830
23 350
39 9710
12 538
35 1488
20 6528
44 235
14 1527
8 8931
15 5566
10 2300
42 5624
18 7959
10 5638
24 2904
30 3321
8 1006
39 8754
44 3131
23 765
17 572
41 5458
35 8124
45 397
20 492
24 2640
3 1017
50 2516
22 1760
3 2011
8 1892
41 7862
45 4340
4 8723
27 2419
7 3056
46 2731
49 752
46 7449
36 7169
20 9812
19 4602
44 994
30 8519
48 7203
33 4570
42 5845
41 44
15 3048
31 7218
48 1404
8 6110
6 2488
21 3272
47 3702
45 8685
19 3280
31 4711
20 7540
7 687
3 4591
21 3664
19 5491
23 7404
4 3532
7 9668
41 4134
11 9371
45 267
3 9981
50 2044
50 9745
34 9464
9 8077
18 7366
7 299
19 8399
43 9788
3 3511
35 1547
38 6450
5 6110
18 7786
10 9347
30 6345
44 5587
8 1944
49 1215
48 6670
48 476
2 332
37 2571
31 1585
6 3243
45 2259
43 7768
47 1177
29 3954
12 1527
23 1131
21 9834
44 2489
34 9572
22 8093
2 4785
13 3088
38 6923
6 4303
49 6335
30 2278
39 6719
38 9062
37 1249
24 2361
36 989
34 5759
8 9274
23 8135
13 7529
9 5846
44 3544
2 1452
43 7525
44 2591
39 2417
12 1962
4 9950
8 9828
30 9844
35 5953
48 1261
28 3055
17 3533
4 1323
23 496
7 8322
36 3368
3 4644
26 7665
27 5592
11 4893
10 9284
26 5127
46 7928
7 8040
30 5943
24 6569
33 8038
45 8101
23 9971
35 4321
27 6523
21 3962
39 2866
14 2541
14 2745
6 2687
41 9446
18 4488
42 433
25 528
8 5480
3 3531
36 6801
25 261
12 5961
36 36
17 2926
47 1393
2 8781
18 619
36 9327
23 8812
19 5538
31 9736
23 828
10 3269
44 1777
29 6030
41 2947
11 8791
14 593
3 7220
4 1431
20 9595
27 3318
40 2346
12 1400
31 9754
50 1943
34 1502
13 4801
31 895
18 450
17 4892
46 9078
25 3605
25 3776
2 865
39 5613
8 2259
15 6645
19 4851
50 6060
20 9061
24 4831
10 6940
13 2835
45 8872
39 5787
6 1722
43 9357
46 909
28 3129
28 8216
22 68
17 6079
16 924
30 1675
40 6699
39 6918
46 2583
29 3938
35 4657
25 3601
10 2226
50 905
36 2592
32 7660
6 3939
12 8692
49 4642
45 8884
4 5000
26 5612
2 3967
2 7764
22 4015
44 3835
44 8819
26 3589
48 8114
50 8057
5 757
50 8192
18 8040
43 3
19 4776
2 5348
25 7457
7 2914
7 8891
24 3761
31 9948
28 7354
12 2742
39 1621
39 4754
36 1218
38 3057
32 7873
37 295
45 629
30 7858
18 9695
37 1908
10 9598
25 6781
18 341
11 2142
39 7882
46 7588
6 6113
33 6916
39 8923
49 9024
31 9676
24 8330
45 5624
7 2424
2 4208
23 3939
19 6235
8 955
48 9816
31 3188
22 3760
40 4929
27 7300
50 4707
46 88
31 8842
4 5331
9 4623
35 7879
47 6211
39 2467
47 2624
31 1145
19 5376
32 1375
26 7351
6 5316
21 660
28 5187
37 8911
29 610
17 9432
11 4532
22 8915
50 4318
36 2792
11 9784
35 6596
31 4347
2 6468
10 5889
50 5413
29 3065
46 4142
28 2045
35 9819
1 7301
26 2870
27 2416
39 1245
3 5743
7 4372
42 749
38 1068
5 5819
32 5013
26 5427
5 6575
46 5261
32 749
32 6108
24 2193
17 2209
33 9801
18 4021
6 6434
7 7831
13 1854
5 6318
40 4160
29 6594
19 4390
10 2802
43 2003
5 9661
17 3609
40 1117
16 1679
38 4940
33 5661
12 374
30 3315
28 3637
2 5158
11 3138
21 6818
21 2383
10 4609
28 7770
8 6823
11 9930
18 6382
40 9633
13 4802
22 2264
44 3114
47 470
3 3437
35 7174
50 2557
13 9305
44 4754
37 5458
22 973
29 907
5 4628
43 9992
1 44
32 4428
48 6076
15 8676
20 4372
5 8455
48 1283
6 2199
46 7567
21 2395
9 1924
45 8558
10 7388
33 3883
7 8525
22 6276
3 5770
17 3893
33 4771
37 5738
1 1821
17 3399
18 8088
1 7097
10 790
15 8721
11 7596
26 7392
5 4266
25 4279
30 8883
13 3263
33 6761
34 7036
41 9910
3 4972
15 4980
41 6243
6 6466
10 6269
10 8138
9 9973
23 77
12 3714
24 1403
35 4517
10 2128
44 586
26 5182
13 8480
12 1607
6 8360
13 6796
15 1372
10 4548
2 168
50 8519
35 8073
12 7931
39 3746
44 3716
48 3208
9 5600
46 7907
41 7514
45 6418
23 7924
26 1297
30 5064
8 9568
29 3487
33 4946
26 1886
2 3956
13 5800
24 3822
6 4205
42 4261
18 9163
15 2362
36 7735
25 4044
32 37
36 695
3 2473
5 5245
18 2688
16 2829
33 5126
44 6830
43 7953
46 1454
27 5478
33 7393
5 9211
22 754
34 4819
3 7988
22 6133
42 5587
45 2690
8 3037
12 9602
38 4195
9 3004
23 5818
49 4754
46 2376
4 10
50 6226
14 6320
28 4303
37 7437
42 1558
9 8090
18 8798
41 9550
15 104
28 3766
20 7012
12 3996
41 1071
1 6958
13 1655
8 3803
12 8491
3 5519
19 3736
10 5960
23 8187
26 4973
31 974
3 7681
28 4495
44 5810
3 2705
13 1755
40 8837
32 1200
29 2328
30 3590
35 994
22 1767
22 6187
42 6044
49 7648
36 4996
1 6255
35 2367
17 6605
7 3869
33 3646
45 4914
9 868
16 2634
33 6192
41 5418
23 7679
13 4268
12 4281
21 3803
13 2104
38 4476
19 9048
40 7006
46 8480
39 8250
39 7346
48 1287
30 3279
45 8984
34 1065
45 3532
43 9066
19 912
31 3528
2 2730
24 325
50 1817
22
330 469
1266 235
500 32
631 104
942 283
436 596
1408 258
1197 32
566 587
1356 381
1084 610
1403 17
1160 196
781 186
326 12
1244 305
1442 48
273 217
315 348
892 212
986 104
812 474
