378
29 1322
3 3405
27 3372
44 4266
37 1616
30 7797
20 4375
44 5605
21 311
25 8145
13 7146
18 7711
50 5631
25 8315
45 4125
32 6899
4 4231
20 1042
50 374
27 6126
15 7733
34 9315
46 1346
21 1394
38 7247
48 1736
50 6520
20 8667
27 3656
19 8078
18 230
20 7820
10 7660
28 929
49 3024
48 6971
18 2282
23 1677
30 2949
35 6455
5 8710
6 983
3 1377
42 4198
15 1939
50 7005
12 8048
19 4325
37 9185
5 8488
14 3599
45 8427
35 1534
9 1689
15 5187
19 302
34 6339
17 9013
49 1160
46 67
32 9765
19 3723
15 5315
15 6140
12 3363
20 3744
28 2293
8 9061
37 7597
44 4364
40 8119
36 6033
46 9221
36 5400
32 8815
4 9199
12 8128
32 5536
34 2678
24 8228
50 3209
47 2481
7 1134
27 8747
19 4786
43 5770
16 6653
46 6094
32 9032
12 4222
1 3516
17 141
43 8766
18 4480
18 5428
14 8005
25 5459
38 9148
14 7073
12 2521
35 733
38 7709
22 3430
4 1235
26 7160
36 9123
20 5029
28 3171
43 8898
16 9739
10 857
16 2977
39 9674
50 4606
40 4575
34 2170
3 5991
47 5757
10 6379
30 2790
5 8551
23 39
2 3322
7 7496
33 9370
9 4565
16 1247
28 2654
42 9759
4 9477
48 4927
18 6805
18 4979
30 7197
29 4711
26 7993
17 4735
5 1090
1 9172
25 8206
19 1446
36 1206
36 1182
22 7258
42 5820
40 8064
38 881
31 1528
30 4033
18 8407
19 6416
6 8443
8 2269
30 5953
31 1145
49 250
16 2189
19 8030
32 9783
6 9805
8 2261
48 6751
24 6595
33 2371
14 1742
24 7144
21 774
30 4099
47 2821
2 7926
46 988
15 2180
25 9640
13 2522
14 4521
20 5083
2 9272
37 7550
5 1004
14 6414
36 6184
29 7540
6 4041
45 53
32 6666
44 7562
31 7525
44 8845
32 9608
48 5094
12 3985
39 2563
45 5825
27 1694
15 4579
38 4626
48 9794
42 8678
35 3475
27 7561
36 4901
48 2777
49 9917
47 1462
19 6346
43 6014
48 2510
46 1721
29 9008
12 2693
39 2250
14 1713
28 6380
7 1185
32 5011
28 9759
19 9550
23 1915
41 2433
5 9898
45 1432
19 9104
33 3472
27 6464
16 1747
1 2478
46 2995
23 3258
13 238
8 383
8 4897
37 8185
42 1396
33 5335
42 2841
29 2819
1 2394
3 9435
43 6650
39 4967
42 1204
3 7804
23 3728
17 8862
22 8793
46 6009
50 3056
19 3862
8 1718
32 4016
39 8443
3 3231
34 743
43 924
18 2237
40 795
3 8111
48 8366
22 3876
25 5789
10 4789
15 1980
27 5714
33 4025
45 9604
14 8014
33 237
43 7064
8 124
35 6534
19 3572
47 8092
47 9216
19 7161
16 6266
47 2252
39 4000
23 433
32 3497
45 7302
13 7661
38 3937
49 9292
26 9658
35 3127
38 7808
29 7539
29 2484
40 2124
28 5289
4 8960
32 4245
40 7629
24 121
25 6602
48 8678
3 5621
24 959
13 5340
18 4752
16 8586
23 6483
28 1060
43 8003
19 4256
30 725
3 1069
3 604
10 2628
12 9904
8 1327
22 6990
41 1134
22 1811
41 3828
8 9139
5 7918
14 3757
40 145
4 9805
28 7501
43 1161
44 431
29 1824
32 4700
18 667
10 4944
11 8339
41 2043
33 6752
13 8479
12 1410
39 15
20 8099
5 5035
40 1017
49 2763
43 5138
20 2078
37 4129
28 4129
39 8111
17 3016
41 5115
26 2457
5 62
44 7813
20 9760
31 4399
35 2295
23 2581
6 6243
28 5931
43 4711
20 3979
31 9977
12 3661
25 2513
16 8300
14 4112
39 210
10 4307
14 3127
15 2949
20 7854
16 9875
30 7421
38 1691
10 1341
47 9426
46 6044
31 222
15 9492
19 1228
17 5490
6 1139
28 363
32 1743
3000
658 340
961 104
1414 184
1280 231
1475 224
1156 42
770 207
140 148
693 274
766 64
134 292
307 15
123 221
1491 331
1481 278
558 262
678 359
684 202
15 53
367 120
117 242
485 41
640 342
490 14
687 329
1063 168
493 127
685 39
1022 315
47 271
1037 80
1008 354
969 214
218 82
1293 159
1013 24
315 320
1117 276
1288 108
576 16
1067 69
1286 37
935 105
107 283
294 219
1258 376
722 113
1158 215
644 165
610 196
320 214
982 24
1281 112
1209 125
1067 248
443 188
595 148
369 107
1492 37
1237 51
1365 252
72 163
312 317
1071 194
163 73
1348 288
1282 57
148 265
1087 35
25 10
674 54
155 211
691 38
923 315
1486 281
1001 362
213 178
1064 346
190 306
1450 81
616 53
1381 154
211 221
1260 88
518 193
65 167
382 331
289 220
1199 288
694 305
958 374
1222 155
1485 299
961 124
1266 267
327 40
182 236
820 92
251 85
1002 309
491 12
778 16
297 297
456 29
30 84
1151 33
375 341
630 144
1303 105
459 184
108 267
1357 97
317 271
395 182
613 101
1496 314
156 112
578 237
1019 49
255 123
237 213
414 258
955 54
9 137
1311 334
1030 348
1496 201
499 326
1070 320
966 354
755 268
1179 241
1415 11
1470 352
1218 110
754 206
796 293
194 21
118 10
323 152
1090 89
1025 105
389 23
1432 303
449 30
1392 74
1201 78
656 372
71 163
147 265
537 312
49 90
1078 257
1254 238
1010 332
709 161
1498 339
613 182
627 43
664 48
490 293
291 275
63 11
493 199
1445 157
1334 376
262 255
747 227
259 292
1067 243
1079 201
258 124
1310 378
562 219
847 166
1400 318
113 161
627 52
1123 333
837 164
454 225
166 151
146 59
265 228
673 200
1230 3
150 327
679 22
420 287
1122 53
1103 23
325 223
793 103
654 35
70 29
755 5
1349 36
484 108
660 239
1141 39
456 173
406 231
661 223
437 203
502 291
822 27
473 327
510 358
417 264
1144 9
1160 332
14 24
244 195
940 57
409 253
1109 297
1101 262
1462 93
1464 263
712 19
502 274
778 170
366 365
158 236
740 220
944 23
435 99
1390 149
1076 328
569 184
775 33
446 341
133 343
1052 323
592 304
1007 16
898 165
1309 133
265 377
638 215
841 275
452 44
745 4
503 222
1456 185
1195 359
347 154
698 78
909 325
517 144
1203 350
94 238
217 90
1317 304
1008 55
1153 83
803 372
1106 243
619 376
269 322
135 253
1128 107
276 109
794 25
1462 190
1084 87
1056 198
342 200
591 234
95 314
762 356
810 60
707 194
91 299
771 285
1325 113
1279 264
1080 47
1000 319
1104 66
640 11
1184 305
554 22
277 112
1253 131
683 170
957 216
194 310
892 338
1066 83
1395 77
401 5
9 302
272 272
166 257
849 211
1172 92
880 306
1343 112
1020 91
418 51
973 112
255 45
703 238
1483 259
137 165
1279 290
1500 374
534 147
939 87
276 84
34 134
1218 82
1215 30
1087 338
811 241
131 113
837 247
1068 178
7 191
1016 138
419 285
1293 169
944 237
650 330
1398 138
96 287
356 177
172 322
154 1
891 201
164 107
209 233
979 82
68 54
98 56
916 172
1169 253
668 132
749 5
385 210
895 38
160 108
1477 103
931 309
1292 26
905 289
1331 29
881 24
999 96
620 73
687 300
1388 93
1128 168
990 157
777 108
781 269
1340 258
1062 42
1158 231
990 318
313 138
882 50
497 181
1161 83
1086 103
1117 36
5 362
212 234
1340 156
752 137
652 70
1305 350
610 206
637 106
264 94
1373 3
1224 304
1033 30
476 307
769 53
246 88
1074 285
1175 200
1388 118
859 184
1478 358
876 62
805 200
1097 144
748 340
1035 288
223 4
93 171
1206 72
972 155
359 296
117 210
49 143
14 241
818 82
1004 355
819 123
576 348
1094 287
258 148
1053 209
490 15
552 220
1273 240
675 192
330 83
380 209
1182 37
1391 101
428 324
192 211
1075 265
1054 305
1433 71
1262 210
1193 320
332 285
218 310
1453 172
976 259
44 166
428 302
481 20
925 168
336 262
293 159
557 37
1212 205
51 158
1243 337
543 218
1474 126
1359 360
1487 45
846 239
1338 115
750 21
1045 71
121 80
1181 347
953 207
631 109
1145 309
1478 67
1139 340
429 120
1384 353
1349 111
1372 140
262 315
35 263
437 189
588 12
1270 89
852 193
865 207
798 241
1424 14
1174 53
792 63
530 323
1382 178
1237 144
909 218
1 270
771 136
1348 209
153 233
55 298
1177 128
960 214
1222 283
452 218
1369 37
663 194
1327 156
906 293
572 277
1321 147
1015 227
1324 292
191 89
422 122
739 2
1216 221
1255 189
1052 346
757 136
1104 31
243 283
129 151
653 57
136 269
400 270
1452 352
1400 36
584 249
514 40
858 101
181 217
717 355
407 188
1184 242
1428 357
72 284
1167 318
870 72
1293 82
1399 4
466 63
291 70
1223 378
447 305
783 376
712 257
1 315
428 152
804 47
1214 332
313 70
736 318
735 349
966 271
556 182
1405 111
289 268
318 177
1010 242
65 175
568 38
1091 269
349 72
1287 298
831 122
1159 268
642 125
714 124
1243 37
206 5
275 303
757 164
206 283
525 226
117 377
333 42
667 32
1139 247
1221 105
1144 273
590 273
1305 286
535 222
1310 62
127 370
965 317
220 187
364 59
1181 157
1127 165
536 314
778 264
891 365
990 374
1419 68
1226 339
1022 200
651 298
471 172
1139 43
18 319
1033 355
984 375
605 199
1152 179
687 266
128 259
432 141
121 278
594 32
1383 108
594 12
372 137
1045 176
530 68
639 242
635 1
176 223
817 355
252 1
893 296
1186 338
478 259
1426 193
1219 32
905 343
1147 272
780 114
822 226
1085 28
1301 21
236 215
939 59
352 304
720 378
1350 278
949 304
1497 219
1241 40
1497 282
1129 376
1205 237
1236 180
798 303
1392 3
863 4
968 331
34 333
554 15
1007 272
324 175
166 136
1173 67
138 286
965 308
639 155
571 39
267 47
377 164
1345 21
177 69
264 357
826 223
1288 188
293 221
1495 257
1068 335
946 7
151 125
52 275
1152 119
1201 290
1311 227
1428 366
406 12
165 84
741 75
1152 31
959 362
998 315
1303 73
951 296
256 5
376 229
1287 346
1057 76
604 207
1296 71
1230 250
656 40
1479 322
992 212
1149 287
647 274
1439 295
900 351
1487 121
1222 113
379 190
452 91
1247 205
1353 107
944 357
164 58
1460 378
332 265
824 262
463 88
396 209
670 308
235 98
562 305
534 99
101 89
63 124
113 150
602 161
1266 127
1469 155
331 147
945 153
1119 237
1312 254
862 333
84 12
1065 215
250 180
601 47
552 87
1145 278
1322 185
888 156
1488 31
506 21
1011 151
1352 349
609 50
1167 198
13 102
814 309
913 163
331 233
924 61
152 105
623 93
111 239
135 7
227 172
1414 361
829 195
103 4
1014 184
1176 111
1479 217
461 366
979 143
1043 153
1085 5
1475 163
339 376
505 224
1427 46
1094 358
1282 131
1 146
952 224
199 146
74 371
1432 331
1450 118
844 299
392 164
573 308
1409 24
1478 356
1246 351
138 201
591 130
672 89
1127 6
721 228
766 163
730 143
1363 226
463 330
687 131
1424 315
886 203
983 67
1152 294
1448 376
1474 208
467 198
209 111
899 183
387 65
1312 353
1440 226
694 222
51 308
1119 82
1263 85
1450 83
1440 372
642 345
803 343
541 312
70 122
513 170
1484 33
1064 132
1018 99
1390 205
1411 196
1285 301
1012 49
817 58
179 293
657 372
1353 203
1106 20
1269 184
47 147
1346 354
810 139
332 290
823 66
598 245
90 32
879 29
756 306
966 30
132 93
1006 158
1252 206
1011 255
833 15
390 105
1235 199
21 72
147 155
353 193
472 81
695 139
1439 377
563 159
620 7
1082 31
1325 360
1243 159
250 247
1149 76
605 194
641 351
1332 145
337 349
1377 24
659 337
921 296
354 369
893 51
741 342
1198 331
1062 356
945 258
1254 237
1094 372
286 125
718 163
174 353
1391 86
298 187
243 374
104 93
742 113
390 305
79 233
182 136
1288 218
696 321
26 111
115 306
1077 365
1229 218
992 335
1305 287
96 129
1339 285
309 45
226 61
713 340
1002 198
909 363
1235 292
389 210
896 52
2 75
1495 208
978 27
1460 189
1121 32
217 378
1175 279
835 35
1343 56
371 298
69 314
333 192
659 228
559 352
1026 202
1139 305
1491 136
208 339
1480 60
553 14
1104 46
1088 230
1283 205
684 86
362 131
1040 16
97 198
165 205
446 300
839 374
1473 266
1099 187
615 152
207 318
888 240
608 247
147 137
1285 166
485 301
966 172
1204 289
839 66
1010 65
555 28
277 154
610 77
100 319
1446 205
914 80
698 14
233 203
1187 277
88 351
145 17
663 232
182 346
509 1
1133 106
263 194
1036 352
593 154
1171 353
63 133
547 156
1158 260
1296 138
215 333
1475 25
1147 42
73 63
1459 126
1475 366
1188 164
830 95
475 40
606 54
1408 11
459 193
1011 139
1488 117
683 93
1216 367
1313 145
968 178
92 318
1011 190
25 258
571 146
345 318
1215 361
1231 133
884 198
1077 192
555 123
34 184
759 196
1376 215
867 240
122 10
877 94
1024 7
401 349
1065 80
330 129
1266 162
410 99
378 323
1126 216
784 72
757 132
1107 333
1494 13
853 318
866 183
1402 198
1092 31
1365 326
450 82
1485 64
870 113
1431 130
887 207
408 211
633 187
365 215
1215 216
1077 334
634 372
614 175
1179 229
807 243
1255 286
1016 12
590 233
1143 22
1045 310
260 265
330 267
299 373
1478 201
167 314
1108 240
619 279
810 21
1350 266
247 25
796 352
1304 374
1292 271
1088 89
1248 49
766 203
1254 374
561 55
698 161
1046 58
516 121
737 150
194 209
1309 152
172 309
530 362
582 224
201 244
296 31
351 317
503 166
610 351
814 195
195 227
410 56
402 211
747 79
246 137
664 105
840 246
314 233
66 171
323 251
275 170
10 249
738 68
466 43
1233 120
760 162
1282 133
364 273
851 307
1080 343
28 43
789 42
1070 288
1195 79
213 260
161 76
413 71
176 368
300 29
884 5
1316 6
647 214
128 195
1292 241
483 355
588 60
1141 147
1009 77
1045 271
951 300
1425 263
31 259
785 263
993 157
154 202
1098 3
203 263
1248 219
1105 240
562 21
887 264
26 373
44 56
627 252
151 150
1278 63
309 192
694 117
1044 181
436 289
379 139
666 4
1385 207
837 1
211 328
863 238
1446 101
169 257
503 186
1342 62
323 340
1425 283
921 228
156 369
529 9
217 4
799 96
1466 283
1178 282
180 97
159 33
548 105
1367 211
764 300
945 70
1268 212
1108 40
761 343
1483 307
140 39
153 174
665 334
775 47
617 222
1456 10
1365 66
743 132
322 84
1138 343
588 86
811 87
1203 164
287 222
1123 70
85 298
855 64
1 98
1340 81
483 220
796 313
57 49
467 174
1401 244
693 276
18 303
160 36
394 7
1467 356
340 347
824 131
817 192
1302 291
710 179
1270 166
295 194
344 6
674 15
422 301
776 134
828 56
425 99
342 63
1246 107
1048 131
1255 163
177 7
794 283
729 3
1374 217
298 378
1441 114
702 242
1250 6
925 55
1355 285
1191 271
735 255
16 258
977 17
66 236
920 308
1474 127
1105 237
1402 370
583 326
1090 211
37 362
717 64
1409 77
1199 140
1046 241
290 264
704 247
6 52
167 135
604 337
504 235
59 125
564 239
1230 64
118 311
390 190
186 53
469 71
276 315
721 52
1086 195
745 287
1038 349
1156 90
400 371
957 176
146 196
1192 91
1163 338
503 57
1380 363
1333 179
1438 142
1284 330
1379 61
242 166
966 160
986 305
436 97
627 182
198 44
1070 108
1224 35
60 10
84 161
337 9
1248 372
932 158
1391 140
939 375
1000 55
199 55
490 133
1160 349
498 134
1435 100
236 234
915 222
1245 78
311 53
1301 43
36 108
1249 31
494 325
514 95
355 261
444 336
712 376
1358 126
475 85
1477 258
58 237
1186 142
172 215
725 364
1366 37
262 198
283 257
1419 184
1029 327
964 207
301 151
383 329
553 200
1073 19
189 325
1184 346
1090 237
529 147
731 292
982 51
1399 269
302 1
1424 213
256 29
550 107
271 308
1055 5
971 59
678 213
1361 2
594 118
773 8
80 226
1208 357
689 347
7 124
859 133
945 203
654 225
841 54
236 72
1451 109
778 290
40 319
889 99
1052 152
1088 274
372 351
740 76
537 363
871 100
1272 159
163 24
886 14
1091 89
1326 243
808 52
994 370
559 111
455 104
612 345
343 220
922 171
349 61
1491 296
601 181
1428 27
1063 325
779 216
684 165
1029 369
171 109
210 88
143 366
1348 273
1437 224
72 141
1401 233
631 178
569 44
1082 196
910 200
227 315
20 48
574 94
627 28
969 357
1297 291
442 107
1114 109
1318 359
616 291
145 367
802 256
339 128
1355 71
1180 210
254 327
123 17
1452 116
192 270
766 200
258 118
534 84
1480 161
804 285
153 261
1397 214
1427 66
990 48
515 186
648 179
1383 142
1440 175
1212 259
1124 118
76 47
10 219
1261 246
330 321
780 188
1115 169
124 196
296 197
470 222
423 287
617 242
353 49
1418 54
1279 139
635 45
1173 299
173 15
1302 19
1334 120
1042 249
1158 112
288 341
236 288
70 54
1441 330
1307 367
1228 239
180 292
793 340
316 245
1262 103
529 255
738 233
1448 340
1206 109
156 228
861 100
409 356
1080 211
1444 179
1319 31
43 324
997 144
428 316
652 76
61 216
74 210
1359 111
1221 147
751 357
423 361
390 225
842 76
72 240
133 164
660 330
703 21
1447 43
1157 177
368 250
586 72
1387 12
88 221
225 78
901 333
492 67
1473 95
626 155
1245 229
1288 148
309 48
141 275
1028 152
101 35
397 183
1097 215
691 316
125 27
1174 6
1417 209
727 74
435 183
740 7
1053 370
655 203
1333 217
506 289
487 303
1221 204
183 253
175 150
856 274
341 367
11 337
272 356
414 164
221 321
461 39
363 163
396 186
598 298
1084 346
891 331
81 288
745 49
883 276
1003 1
37 275
662 152
1095 80
746 253
253 34
467 37
1344 93
360 65
835 309
669 13
652 41
1401 358
1128 95
187 172
1049 340
1358 159
786 315
786 255
941 314
1334 23
1207 260
580 376
515 25
1055 376
210 298
116 123
1268 74
826 368
806 193
1087 174
785 373
480 75
550 125
860 274
106 120
1227 150
824 378
788 82
788 208
1074 294
1152 130
155 155
1239 101
1478 12
98 73
632 99
285 182
761 248
938 100
511 303
155 313
833 112
88 249
1372 255
1350 357
1182 368
1439 25
287 12
437 325
121 54
738 174
1250 247
98 338
737 257
292 250
1432 6
997 149
138 368
1356 191
152 277
1345 138
1437 100
1014 343
196 39
461 362
1390 241
936 156
549 222
417 243
700 56
900 154
973 100
46 170
144 294
107 238
1158 151
237 376
973 116
394 22
86 223
1229 203
520 79
1131 256
884 84
1203 48
940 370
160 133
626 59
1481 86
1436 320
707 28
934 55
640 286
234 93
134 156
910 164
416 255
1165 29
985 273
861 198
996 54
63 156
523 80
1116 283
1487 378
32 116
632 196
148 58
802 50
167 338
62 200
1460 120
374 264
61 210
607 281
1103 200
260 252
559 203
1334 249
757 199
520 15
1080 342
767 328
916 246
977 244
144 317
1358 217
695 205
1410 259
1183 5
577 44
1063 288
1242 44
639 39
1251 206
1084 70
468 360
866 41
951 41
434 320
119 222
1434 69
327 11
725 144
1184 131
745 33
1065 79
230 288
1255 77
634 326
708 91
1184 214
1145 266
584 136
732 21
277 232
872 165
1242 190
1167 369
654 353
1415 200
777 170
320 83
922 257
870 350
1398 31
326 11
1298 9
551 266
649 176
807 261
72 235
715 168
807 281
1211 194
1383 25
1338 77
1064 128
818 267
1432 6
871 175
138 202
1 256
1129 228
299 181
1154 163
1204 228
1107 50
1232 18
512 190
762 354
1488 126
701 88
1329 94
1051 332
1302 268
1121 304
1149 51
652 349
697 205
1414 88
468 298
68 235
207 33
649 125
720 14
1283 283
1476 4
254 289
542 8
762 236
118 150
903 294
753 202
122 130
216 157
1305 327
216 257
576 320
1243 265
443 171
337 178
269 102
1323 25
1489 39
48 119
966 106
1450 130
420 348
833 162
209 377
504 160
1028 270
518 216
1457 86
1467 31
1049 235
210 41
1356 65
1048 283
1336 313
1263 200
47 313
972 159
514 113
1039 18
459 370
600 223
634 245
1494 121
956 356
1305 53
399 167
1251 132
1061 14
526 347
1435 320
188 50
1065 145
867 40
673 193
115 137
367 125
69 212
593 27
1324 329
914 226
47 216
977 166
1297 84
251 290
1233 57
281 176
327 164
79 56
1323 103
895 210
449 241
836 183
565 49
18 94
689 164
1324 110
1402 88
367 25
642 370
169 357
535 20
250 197
616 139
464 361
992 43
178 187
793 239
341 161
516 57
411 216
745 331
1106 160
1473 223
266 141
1278 102
661 277
1317 249
1096 280
1109 133
922 309
981 88
948 92
629 220
186 206
966 297
448 195
906 210
1113 38
1419 105
154 329
287 97
449 351
460 297
1342 56
417 320
415 359
627 56
1496 30
1394 45
1447 302
40 241
990 336
92 33
1081 7
851 109
809 334
684 261
1084 77
620 166
1154 130
1312 233
997 279
1281 229
1310 303
553 87
869 39
280 41
1283 174
928 11
702 156
995 16
687 197
1022 301
596 226
325 46
353 147
1334 80
257 240
13 257
710 338
435 324
836 183
1150 170
25 129
521 4
321 19
786 287
840 199
1273 139
30 153
314 16
741 357
410 352
700 77
1033 35
90 137
1451 12
340 367
1258 228
720 174
835 297
84 164
1273 289
1438 287
1244 48
934 2
598 240
259 95
782 2
739 330
653 181
1113 155
1271 22
340 171
4 214
1104 342
1027 93
1310 79
548 371
1242 118
1134 42
446 377
896 44
1 186
980 357
153 123
150 30
854 38
86 236
424 133
1078 90
1127 110
1215 140
331 142
60 233
483 360
1222 254
541 257
295 332
1140 80
188 87
1222 126
766 247
1197 113
1304 55
1250 362
822 238
777 289
597 137
789 48
1386 348
803 370
336 352
729 72
1193 279
131 140
439 32
752 187
1434 175
229 350
104 91
344 72
1171 9
295 263
541 353
1469 181
167 186
358 369
273 325
554 192
993 73
1249 134
1427 259
750 121
438 258
532 142
934 355
70 315
484 265
632 268
1339 346
580 173
417 351
630 161
346 281
357 361
1404 3
1395 255
1078 1
752 311
407 48
1172 215
318 135
416 303
472 110
453 188
1217 378
337 280
824 170
1375 260
730 341
731 310
427 341
1143 143
360 92
1251 242
1317 116
647 210
252 359
204 339
265 259
486 150
166 52
1070 300
112 318
1147 248
23 267
394 301
1385 3
412 215
1143 96
1309 58
407 145
1000 207
743 133
774 45
522 205
875 325
1161 244
1087 214
364 9
976 299
480 42
146 368
685 48
768 286
519 188
1128 324
1389 73
142 278
319 209
1495 78
1029 107
369 55
1372 186
65 213
156 118
420 48
450 298
482 279
1180 171
1026 323
602 30
1342 22
860 159
893 289
925 307
1129 286
1023 212
52 206
1485 236
1069 339
589 141
231 33
834 15
121 44
1345 281
1158 332
1040 262
1425 262
1092 215
104 31
274 298
1475 185
1390 287
1243 176
1267 83
1303 176
784 341
229 369
309 57
627 61
949 282
45 91
156 124
1345 243
7 271
1196 328
364 332
255 82
1448 209
747 8
515 371
936 203
710 37
669 104
1454 226
827 269
1041 163
719 98
979 207
931 263
1353 145
59 363
906 224
1272 69
183 225
617 171
921 156
47 297
414 260
589 223
761 129
1498 56
89 52
1310 14
173 283
1093 181
1250 296
819 120
1370 102
1293 157
522 158
1306 43
407 316
924 119
413 264
1090 52
1030 336
948 109
415 226
1030 90
1141 28
1443 287
673 7
1399 170
1026 161
1000 172
463 134
500 151
1182 41
90 327
514 64
380 280
699 331
1211 229
295 331
629 350
493 98
598 294
1395 316
812 184
1037 151
412 99
27 271
682 370
550 137
676 193
1261 164
176 346
343 256
281 275
1358 30
1020 181
340 30
102 136
593 225
650 337
297 190
1325 56
209 154
147 184
27 194
1247 311
910 79
621 295
671 378
867 357
282 166
1144 309
626 301
1368 293
320 215
487 326
1288 101
1253 162
1421 95
1330 333
683 49
16 149
169 155
847 147
383 277
235 301
342 305
1041 230
1248 324
1061 18
559 192
1044 1
403 227
433 377
1475 197
189 120
600 42
921 40
354 76
503 4
1108 102
1007 188
511 165
196 227
200 154
1158 105
1074 184
705 136
520 219
1036 156
1290 121
5 370
1094 265
1125 173
1189 288
609 259
1022 67
193 184
1438 170
1358 222
640 226
1482 378
744 65
184 340
598 193
544 151
702 138
1080 67
351 238
1437 93
1221 146
662 218
700 7
532 374
351 53
1020 307
130 340
53 151
83 145
822 205
731 371
268 107
387 190
619 193
1149 153
132 41
1214 47
1094 37
764 277
893 61
204 330
237 62
614 368
948 95
554 357
592 34
1080 336
130 152
1463 85
238 6
1313 142
1141 52
583 272
1025 56
1425 255
1199 170
18 134
981 297
645 69
1338 162
132 37
612 204
459 220
1356 168
229 368
338 378
1003 237
1052 98
1180 187
1051 79
1252 28
1125 27
1487 323
1388 40
1014 245
696 250
26 244
1294 86
155 1
390 226
1096 120
789 34
241 176
564 230
1256 45
715 143
391 212
912 6
129 231
1198 164
123 304
656 273
993 16
189 205
1137 211
1049 228
400 374
811 233
384 168
818 292
753 121
1062 78
723 204
1327 70
448 319
1089 370
541 155
1213 143
725 117
541 97
1410 200
1364 302
539 47
1029 133
458 163
317 318
798 311
1258 162
647 264
1243 204
483 96
601 290
1235 235
1145 237
54 65
291 30
805 300
83 295
1249 351
280 156
1499 113
857 22
371 357
76 251
845 302
963 318
606 335
1500 261
1274 166
525 185
382 239
10 367
1014 233
1087 135
460 313
875 331
1302 373
1411 129
779 69
1441 374
942 44
419 305
113 224
31 137
521 295
86 272
1218 341
78 233
1054 240
401 365
940 58
253 110
747 60
1064 347
791 264
442 15
1329 194
1000 223
1314 23
201 257
457 104
252 13
53 179
1362 343
759 361
768 75
1085 273
1373 374
317 122
32 228
576 298
787 341
180 286
310 275
1037 239
41 208
408 23
664 186
1477 277
502 207
53 74
1464 183
811 114
1361 29
1086 13
1050 127
122 23
1121 261
34 66
35 124
560 262
662 41
779 302
1010 161
1282 112
1487 149
751 56
154 213
1462 254
754 295
908 257
1455 280
884 40
1388 303
775 157
1103 207
824 270
400 208
1329 273
262 218
68 301
192 161
959 282
703 183
1303 204
858 341
1426 150
1052 72
397 343
625 83
465 124
626 63
44 354
109 377
21 356
605 8
209 217
823 65
714 256
1413 196
981 337
722 122
695 321
1163 179
30 353
1262 216
1148 155
75 190
995 208
541 234
368 135
1380 51
738 271
173 144
58 57
750 125
537 259
1127 87
544 346
611 302
1419 28
1232 230
333 267
650 152
818 225
438 200
1282 361
231 277
511 246
622 335
203 286
144 332
889 53
1215 187
705 269
303 233
1325 363
1446 129
1325 286
72 155
239 62
206 126
246 193
1207 191
104 275
1376 170
499 80
1264 348
1500 148
861 40
466 28
171 325
984 115
1233 360
1258 80
605 331
424 301
79 261
1420 50
1426 21
1151 143
86 219
429 347
69 349
357 192
545 34
552 8
1500 29
1144 146
1154 176
1493 242
61 301
463 112
216 109
1433 127
1293 149
1234 375
1332 357
1245 21
1169 275
398 78
173 289
1427 59
682 197
1060 283
1206 128
1385 338
359 62
945 181
719 155
1306 345
804 85
1402 167
200 235
45 251
460 95
696 336
812 249
568 281
1389 139
1371 195
383 246
193 273
1161 332
1328 135
398 232
85 109
172 337
312 313
1466 155
1095 369
1410 210
1048 29
1193 341
1258 359
516 375
475 188
1337 72
1353 267
572 357
1205 220
1120 99
1148 148
1204 37
412 301
577 246
1290 296
508 229
1186 25
86 215
919 290
234 11
535 134
722 202
1446 282
430 144
918 197
129 123
2 266
503 277
1116 256
585 145
30 19
1077 85
1235 197
1216 77
227 371
952 4
1425 167
1259 338
1032 329
840 104
317 76
294 93
310 131
687 171
514 211
1095 281
1208 109
1446 312
577 180
1446 46
761 223
631 19
139 249
675 237
368 11
309 16
1487 370
1427 4
246 17
761 170
831 112
900 293
699 4
1111 19
141 23
1394 252
533 349
670 218
852 284
312 363
77 112
1074 34
1 84
537 330
855 289
195 107
1350 99
316 82
1136 42
1172 368
1296 20
1480 328
484 293
148 49
582 130
6 176
842 198
655 203
1205 119
1477 211
339 268
911 332
1499 366
374 186
1415 298
1032 94
1497 267
1304 326
131 334
1353 129
643 74
40 378
879 298
716 134
56 289
655 144
1201 141
1055 356
839 23
980 25
824 15
1375 220
1487 25
643 48
32 85
692 168
612 51
880 104
471 346
939 202
390 68
819 9
1408 106
944 133
677 245
1368 300
38 105
617 70
765 203
681 24
478 170
534 360
1033 349
1065 9
1268 143
25 205
185 214
1426 35
1171 96
124 16
583 132
1385 189
932 97
1181 125
1205 220
1443 144
1267 198
582 94
581 224
145 66
900 214
950 321
1151 356
1394 311
1218 123
126 171
978 362
903 214
721 279
894 366
568 288
1436 203
697 182
792 241
422 103
984 77
1448 233
1175 304
1238 226
1010 3
282 370
469 347
192 253
352 142
1189 142
250 36
1243 8
1341 102
1195 40
245 27
954 292
1022 306
627 186
1193 353
1104 170
708 294
1209 108
1477 72
1410 127
1487 81
225 23
1112 191
1406 263
148 93
1450 173
397 307
486 82
1438 20
776 136
913 138
84 16
613 363
49 190
71 292
1382 243
198 207
320 31
1142 69
804 40
97 21
613 286
1046 183
977 307
993 295
1312 69
1091 335
1025 115
196 122
541 301
1388 279
357 249
1437 126
303 291
761 4
1347 178
870 81
507 209
128 118
543 82
215 22
242 92
1488 32
527 235
893 50
532 27
1219 118
402 368
1116 66
176 78
124 217
1099 345
1458 287
1307 314
67 115
325 164
734 200
1488 179
669 121
48 44
25 101
1288 54
216 207
694 91
374 138
754 106
992 280
1351 293
569 177
985 107
561 55
154 346
987 29
637 361
1339 72
1026 86
177 118
1035 240
910 6
1133 131
72 297
554 267
1062 368
471 87
781 310
1264 12
942 36
530 51
355 260
1177 212
511 255
1256 151
1174 38
8 109
985 16
509 226
565 18
10 228
527 34
1044 295
1432 36
784 84
152 374
421 132
1452 8
168 339
77 214
1260 205
159 326
807 374
680 7
1446 294
110 66
785 206
381 98
894 229
348 205
1383 326
680 222
1434 351
732 143
252 378
1063 185
502 170
1087 207
718 179
1329 95
1403 378
349 147
432 104
606 162
540 278
1056 317
1446 284
1446 37
279 72
872 365
177 118
141 248
588 88
500 299
50 89
839 43
542 349
1262 87
154 300
1360 271
417 74
54 164
1123 216
82 29
813 373
1172 373
411 359
767 162
1123 212
774 263
263 294
922 375
400 124
65 65
1352 242
1324 364
326 230
1391 195
1493 224
1225 97
1135 314
1350 172
109 195
357 204
659 328
444 358
143 27
44 129
1431 73
1467 101
1470 207
820 129
1188 56
1271 159
821 306
1466 257
1042 30
861 11
340 347
44 12
691 357
979 230
1135 228
1423 231
975 136
715 83
1369 86
779 343
421 200
1009 338
507 35
1454 348
872 148
1397 309
1435 352
270 106
506 323
997 201
1486 154
165 127
944 151
875 67
55 329
550 175
1061 372
805 186
1212 165
1495 87
841 210
960 235
963 329
938 232
852 172
906 210
519 272
97 2
1123 256
729 302
456 304
501 212
953 137
1284 177
1372 213
113 289
1120 194
911 369
800 210
1486 332
639 54
380 124
176 236
583 70
949 146
839 227
373 1
535 169
80 210
911 84
237 18
1416 36
1128 162
1463 234
1184 70
328 27
540 133
255 151
373 204
238 49
19 361
1382 64
439 306
1066 283
1450 211
344 133
350 221
72 219
1487 96
