377
28 8029
44 8759
44 3683
10 2845
25 9498
4 1067
28 9202
44 7044
32 9676
43 1392
42 6016
36 8499
46 5510
7 9335
47 942
12 2860
3 7516
10 4035
22 8070
50 1529
50 2513
19 7043
15 4479
18 8376
25 6952
1 640
50 7147
45 6248
29 5523
27 1280
31 9200
46 6950
9 2750
3 7194
8 4716
43 8708
23 2321
5 9219
11 8796
11 7660
29 81
37 8754
33 5118
34 3501
24 6254
7 705
33 4227
3 1469
7 2095
13 4386
1 8816
44 8886
15 3991
22 5934
46 6123
47 3858
33 3200
22 7413
41 8173
19 2986
32 4111
29 3694
48 6117
13 1206
25 5042
40 3499
5 1683
31 1808
28 3214
49 5419
12 3840
13 7049
46 5345
2 6874
18 6588
2 9579
8 6674
21 7647
16 4653
28 3236
7 3202
11 7303
18 9207
24 9659
13 3036
10 9912
3 6626
9 1356
8 8517
6 7812
31 2754
40 6010
37 6029
21 2443
42 1114
23 9469
35 1101
47 3030
1 6771
12 6912
32 2630
40 6119
9 910
9 2245
22 4206
28 3897
22 5811
45 7979
21 3977
21 2487
38 3531
47 9259
5 3470
28 1330
6 389
11 1682
18 898
6 2846
17 7510
23 8656
19 8265
16 1025
12 9686
21 3622
2 3010
10 2692
20 5124
16 656
10 3449
19 3763
18 2344
43 9955
12 3237
34 8481
24 3611
18 73
15 1822
13 1714
29 8535
49 6887
12 2177
27 5934
4 9565
9 5638
11 2545
19 4235
3 333
34 150
22 1350
44 9207
25 1582
28 217
34 7972
23 7447
6 9101
17 4669
49 3858
21 2525
17 6860
48 7079
30 8306
21 8983
32 8795
37 6739
41 6265
8 6450
18 7634
8 1819
35 8317
48 190
9 4654
39 7034
10 7244
18 1607
9 3226
10 6522
12 7550
46 2955
33 2039
1 6671
28 330
34 6304
26 2851
21 105
41 2762
28 9322
10 8719
1 9061
14 31
39 4595
17 4220
50 7565
49 9600
5 1203
49 2474
20 1745
16 3801
24 1497
47 7444
17 4983
46 4364
4 1223
13 6560
14 3827
24 5547
12 9587
43 3766
2 1408
11 745
34 2640
36 1532
17 967
32 6203
9 3982
30 3849
27 5542
16 8279
37 7790
3 8468
11 2605
36 5612
42 7669
21 9868
36 4937
10 1650
5 9817
28 6887
18 9510
30 1846
34 4175
7 8089
23 7027
47 4094
1 2256
4 1548
17 508
19 7078
30 8039
36 8731
4 3743
17 4610
44 6948
42 6349
10 4669
14 8583
4 9902
35 2428
22 9761
45 1133
2 1585
16 2138
42 19
23 3367
41 1119
34 9476
29 1521
33 7161
1 6808
8 9190
44 831
12 2317
40 6700
16 8084
36 5103
44 2120
6 19
38 5261
15 7559
36 959
44 9518
33 6473
29 1026
17 6361
4 4485
13 6531
30 4417
34 175
24 3631
27 9046
7 9452
17 6796
3 5452
20 8859
24 9131
33 417
23 688
15 3200
23 5143
34 107
25 3911
35 4022
22 6383
47 3374
21 8051
46 4656
10 9068
24 1258
2 6422
8 5297
50 3278
41 6960
6 9154
30 2834
23 4409
41 7697
48 5639
21 1006
33 2476
10 4881
25 7285
29 6058
41 7402
13 6640
31 3912
32 8319
46 1516
49 1886
17 3197
26 321
17 4216
19 972
33 6344
2 2733
13 8190
46 303
22 7798
6 2622
9 381
19 6717
44 2138
35 5402
7 7832
50 3706
21 9580
40 6797
42 6167
48 9826
47 6841
26 8276
17 940
2 5127
47 7368
42 4955
23 5993
13 9877
50 4738
9 7660
39 5222
28 938
14 1288
26 1617
48 99
29 6782
33 5674
11 525
6 5198
25 2579
49 269
44 5849
9 4014
3 8345
46 1579
47 9475
50 9233
37 8907
36 820
1 6296
28 2435
39 2803
49 8668
29 543
24 9001
36 941
5 1590
19 6470
20 8404
22 2613
3000
854 105
598 334
1111 73
507 75
1109 346
847 297
143 63
1353 149
862 348
733 157
847 106
148 31
6 95
692 33
926 13
845 373
939 27
1488 334
1096 179
410 217
753 377
1070 42
35 179
506 307
232 165
1009 2
203 43
122 219
1096 51
1273 215
340 31
1087 326
135 344
64 166
319 59
1480 241
810 118
299 375
812 189
1321 312
327 225
1188 213
701 248
426 126
644 8
840 171
364 75
1056 146
1423 26
1343 302
301 173
1212 374
118 150
135 72
563 254
914 130
666 376
911 83
1151 232
1358 54
160 29
146 167
21 174
886 229
468 42
1407 256
350 240
665 332
420 256
137 288
198 223
120 365
1417 237
318 312
1457 90
1458 135
455 364
606 46
909 230
303 136
662 62
493 231
1146 323
1328 258
1277 11
22 241
38 157
1302 296
88 138
662 239
977 12
884 259
1154 244
455 139
529 287
213 275
1413 39
666 51
362 102
1059 232
1004 358
906 38
1165 197
1271 163
773 325
119 290
1322 94
1011 249
777 18
1484 304
461 356
859 350
621 243
36 116
1477 278
934 246
739 321
229 214
650 147
898 363
422 376
831 129
1352 164
68 142
924 207
1022 36
771 163
1271 164
706 118
234 240
1432 333
625 185
907 351
1322 320
376 94
1242 361
438 5
1425 168
822 93
193 170
1196 183
787 230
483 358
858 85
519 126
726 30
766 243
82 249
1494 257
1397 213
1490 45
1157 258
486 28
51 360
1031 152
508 359
1047 172
905 177
996 20
1378 84
1012 36
1192 63
176 355
515 235
1244 330
1032 232
611 321
733 49
606 230
1172 311
725 46
54 343
1250 364
487 145
1432 13
497 34
999 16
711 250
707 241
589 187
1194 245
458 173
1012 108
227 126
507 343
516 140
1483 120
858 281
972 259
507 258
505 116
1128 74
667 347
1153 254
924 223
568 338
659 311
147 349
1137 51
302 158
1106 51
1215 70
1170 322
99 134
14 328
1375 284
442 66
923 171
1270 282
178 35
1185 144
1273 316
941 101
906 173
781 122
1178 6
852 234
1201 78
1123 25
326 273
245 363
677 98
943 93
1355 65
35 52
664 267
869 75
792 284
552 90
262 195
1131 278
1482 259
949 241
937 79
534 240
1442 347
140 44
209 196
981 372
661 23
366 77
1121 312
1306 211
174 23
1173 207
358 305
422 106
550 260
1011 153
461 319
125 289
1043 113
920 363
1045 181
1004 153
548 267
1166 43
133 154
170 34
1014 45
1277 33
665 171
1094 325
899 313
205 89
788 246
1213 232
95 273
857 187
820 140
1048 304
701 7
1462 291
904 94
496 130
258 210
120 80
1488 53
112 290
540 244
698 142
217 312
396 108
1214 348
189 155
865 185
589 282
1130 254
855 119
564 309
911 109
1013 193
168 195
604 270
1462 373
264 183
1402 60
133 213
119 109
981 333
182 209
172 144
1399 158
136 247
255 344
1142 66
486 346
689 273
1426 207
1388 128
179 221
1435 271
997 283
402 260
67 374
834 208
1279 291
1386 338
1208 102
1036 82
955 87
1491 326
1217 59
372 59
421 64
849 298
1088 35
276 368
316 81
1149 180
394 260
496 151
672 251
757 318
1473 92
781 132
998 134
313 187
62 193
111 139
361 361
997 197
828 320
480 76
794 45
1033 235
1202 204
42 188
380 285
827 244
186 355
671 81
1318 59
965 76
1171 302
1352 27
621 263
807 51
1180 345
141 63
666 243
171 224
1037 85
580 87
573 203
1303 180
1394 376
103 145
1340 332
845 121
1357 2
1481 202
1147 60
74 280
328 66
1083 6
751 152
733 151
157 69
1353 239
21 84
315 266
444 102
571 140
950 277
714 68
738 139
272 287
1031 202
129 370
1491 299
864 307
1150 135
110 132
628 139
503 72
1458 301
653 11
1215 105
1244 48
69 153
30 21
124 219
1309 80
470 160
1458 46
319 113
1051 59
350 309
240 109
1195 231
46 143
33 148
346 259
1291 291
627 133
167 269
1280 161
627 196
1476 355
134 220
506 360
1312 367
336 119
634 125
150 34
886 351
1215 72
1394 270
1430 75
1244 314
1419 165
205 240
790 255
1042 32
615 145
245 136
636 189
979 67
870 126
1031 213
310 91
118 78
1377 259
1078 205
843 312
64 182
1136 351
766 152
55 61
159 38
700 149
444 338
384 344
265 214
281 233
1384 101
760 140
1329 261
858 317
367 65
108 258
449 224
667 314
1289 54
553 191
738 143
535 322
159 147
424 265
1340 242
422 100
730 218
254 345
1208 227
1472 308
573 144
1092 322
1390 227
630 87
1453 255
1233 228
34 203
1417 355
927 7
451 130
94 50
903 212
154 224
1379 94
409 308
1283 342
573 366
777 119
780 5
1203 264
342 269
984 181
275 367
1081 105
865 171
626 335
61 207
742 97
7 177
1365 196
810 15
816 51
375 102
106 193
1232 156
812 83
1261 67
1042 216
1129 190
1101 147
1127 13
403 264
1490 291
547 18
290 166
460 8
429 298
1307 54
395 302
986 344
1189 121
132 253
980 47
991 102
1172 5
783 251
1046 81
624 3
750 58
1178 81
427 287
1054 97
1006 159
1208 377
327 274
949 22
1011 302
1121 135
608 113
1172 245
1181 262
23 166
1279 4
1319 185
118 100
396 94
122 243
1111 126
1072 25
901 289
683 308
1235 112
721 238
1390 227
1403 57
328 154
523 276
31 213
1206 254
1305 43
365 115
807 207
573 138
1171 152
505 48
1348 311
736 318
449 282
1101 363
672 304
555 349
705 18
433 152
1005 25
699 204
73 184
195 192
489 313
151 162
148 343
400 260
844 241
1451 360
442 309
1457 234
554 338
70 257
606 153
868 158
903 286
170 338
877 142
383 357
879 327
1265 356
1474 197
825 3
931 272
1279 174
346 327
1007 63
61 27
213 14
616 373
1158 271
367 324
1237 106
87 121
699 188
1304 116
1182 237
958 32
219 312
497 179
1202 65
1414 340
372 170
341 341
1220 188
861 292
484 2
59 45
1428 324
1192 300
1380 302
997 272
1079 342
1486 245
672 92
1110 92
65 282
180 52
1155 46
863 25
488 84
635 334
1385 19
665 240
1125 173
1170 322
707 337
399 339
221 117
214 206
1018 85
145 254
155 237
380 42
1433 187
322 147
490 131
211 74
266 221
481 56
532 360
983 156
292 102
487 192
555 93
1355 146
701 152
1473 73
1158 197
690 243
383 41
1402 229
1434 300
1052 326
175 110
481 251
1269 241
509 134
593 118
604 215
939 170
1380 151
372 329
678 289
34 325
678 253
1456 317
854 286
1468 360
996 219
848 74
1184 166
414 142
70 2
1169 172
30 191
495 250
802 344
236 175
1446 49
656 167
1033 124
990 105
1356 180
877 245
1393 376
31 144
257 263
1032 45
1093 42
519 126
520 66
1455 23
48 19
1344 14
494 314
676 338
842 60
1384 361
1048 104
414 207
1195 288
493 91
433 331
158 316
124 319
192 87
1254 255
195 309
1074 246
138 282
956 122
354 41
928 312
108 358
589 38
276 26
433 303
1447 115
1361 124
1266 143
1472 54
722 339
1093 372
1487 162
568 161
889 179
306 339
965 163
771 25
1339 5
831 282
876 166
63 61
722 31
424 161
457 243
703 105
695 333
358 355
234 367
683 272
667 169
925 238
1308 62
1444 11
472 158
437 143
975 308
472 188
275 157
309 107
1014 88
532 225
124 117
800 185
507 321
855 43
1454 372
229 180
67 220
567 121
1423 265
1028 55
164 289
59 341
675 259
1099 253
62 97
444 56
388 84
996 39
1410 24
618 284
291 150
1287 333
1343 279
1452 61
1265 207
525 6
1313 32
411 347
1444 177
1059 113
882 128
1411 250
138 308
406 2
616 92
1025 7
78 224
476 148
126 322
565 231
670 295
736 2
191 372
512 220
735 370
1450 343
451 150
201 2
640 94
271 287
85 375
90 21
781 366
241 281
187 89
580 215
951 35
200 373
912 190
592 143
291 27
559 7
774 265
651 115
186 309
914 190
460 137
401 162
504 330
590 131
1394 150
933 157
163 348
1251 201
936 172
1055 23
855 343
255 166
1007 22
1248 140
1447 90
430 228
761 98
275 267
1421 161
981 340
997 106
1187 219
1477 167
536 282
54 325
510 164
552 229
944 174
1454 54
959 119
49 138
1207 172
1363 151
1383 299
499 318
1000 42
633 125
1181 31
891 262
329 355
612 174
933 177
160 260
3 315
705 115
115 86
280 17
1251 238
604 187
34 191
149 106
945 326
732 79
839 306
471 34
1020 251
1169 256
1070 13
1453 350
25 121
917 64
874 223
860 349
1177 363
153 130
1499 215
290 292
1104 362
191 149
727 299
1022 77
1011 53
1123 49
397 178
102 332
1124 305
816 209
1359 237
1362 72
87 295
725 351
1001 297
725 59
328 331
607 243
543 191
207 221
577 373
165 291
1083 236
676 95
60 171
156 55
68 90
679 184
182 57
369 221
1087 287
33 236
751 367
760 238
461 193
795 251
147 160
447 368
1478 40
18 39
174 247
375 40
468 206
785 32
653 187
254 12
1342 325
1031 369
1192 377
379 305
1369 99
103 150
781 18
1249 88
720 62
1057 37
1219 219
78 276
115 284
132 228
1312 185
1412 363
636 262
1013 192
621 139
566 247
430 62
22 255
880 108
592 41
1451 274
11 90
30 280
708 9
906 275
493 270
906 2
465 353
545 164
1266 173
713 45
199 220
1194 138
1494 325
241 222
843 54
1168 210
761 247
797 374
65 209
1214 158
1092 47
230 313
1434 113
948 136
1491 127
708 177
432 140
930 316
953 324
1051 192
109 88
120 74
1344 268
1175 107
998 150
748 120
1038 12
894 40
213 376
595 305
868 156
1017 163
879 359
1180 121
160 132
1334 43
1203 289
696 286
471 237
1362 329
404 375
788 67
1495 43
1139 314
257 11
400 65
1485 141
243 217
706 244
491 280
1322 49
936 308
779 358
1139 282
150 96
1169 185
601 77
59 137
1118 292
1433 373
818 96
411 312
966 331
1430 239
725 359
175 215
1036 304
926 246
624 349
285 143
1002 270
1425 356
258 27
1298 166
682 351
1385 59
46 223
899 97
500 216
509 261
1261 127
718 82
1368 95
82 29
612 350
1088 208
1072 321
319 8
211 84
378 127
1398 336
61 375
777 63
318 88
873 43
145 211
348 171
968 340
722 186
540 213
1147 338
543 222
917 292
509 97
98 302
1308 306
406 12
1020 158
1159 61
693 240
1471 222
839 53
1030 291
1265 223
1422 35
1149 257
267 72
1032 319
194 95
354 192
397 53
579 318
1371 333
475 21
664 368
606 337
1304 352
275 116
1354 244
1488 212
1215 174
78 187
798 235
1204 171
1017 109
1231 227
777 359
760 176
550 287
272 348
1176 158
1119 11
940 288
1369 177
443 124
981 126
1269 251
1374 36
882 61
136 67
505 218
514 344
1152 222
745 279
337 266
222 353
906 151
940 179
860 275
805 18
207 332
885 184
639 221
938 307
654 260
475 98
311 203
44 333
139 209
726 35
1449 150
1032 25
179 343
1151 215
736 220
203 12
819 101
1126 234
355 270
1431 118
773 309
144 242
224 293
675 198
1036 163
619 103
844 259
84 23
171 305
65 277
120 375
818 245
13 111
775 11
1320 335
192 114
760 167
289 132
1246 34
410 100
487 249
214 156
1455 244
467 186
1480 286
700 271
1090 252
212 201
1381 19
472 71
963 202
260 368
715 374
150 116
608 278
1395 165
403 185
493 349
210 50
915 255
772 188
1054 196
1424 123
69 169
1327 74
800 33
91 372
46 36
336 311
776 38
1151 86
156 202
516 211
470 311
1291 327
263 134
582 98
696 16
1408 208
641 89
190 201
1006 31
87 75
201 228
350 189
145 169
361 118
781 320
68 66
672 15
340 48
1310 64
686 285
1314 18
144 281
22 60
1345 275
618 259
678 86
1292 273
1238 237
1174 149
1314 352
72 99
883 120
450 183
160 290
1364 315
278 332
978 152
1396 236
1322 293
985 215
844 162
513 274
327 261
392 25
8 56
812 165
478 42
554 168
1231 46
179 353
1094 22
110 371
1040 212
722 76
1309 48
859 42
1367 187
105 269
6 196
669 4
656 214
878 363
879 292
480 286
587 214
1148 370
1067 241
25 280
1370 315
417 267
952 286
336 361
1385 198
1462 176
337 280
166 90
1237 202
535 279
172 240
174 31
1345 339
770 334
1307 224
453 151
779 246
267 60
1489 280
1297 313
598 219
1221 7
135 203
184 174
62 309
350 274
1230 148
44 260
895 49
937 216
1475 94
103 264
1404 34
923 161
626 299
427 358
465 288
90 158
1500 327
788 89
1224 181
438 150
921 323
498 334
974 38
888 356
934 222
721 187
1452 217
355 27
589 46
756 3
1096 343
552 198
147 208
169 355
664 369
911 92
1372 11
733 172
1010 292
47 270
1297 56
6 348
1240 237
1173 174
1439 220
1454 173
958 157
741 354
558 41
697 5
74 184
1107 138
979 10
1118 353
905 363
242 168
182 179
1300 322
560 27
152 18
180 295
1273 74
540 249
868 252
1329 59
1070 39
1272 252
611 305
164 202
967 172
376 222
409 20
1475 368
1058 8
1030 184
1118 213
41 186
1182 22
68 321
557 366
14 101
1021 57
954 128
565 165
241 278
1141 285
93 301
1025 70
734 58
938 61
356 122
330 375
456 324
85 290
1426 45
270 143
1211 9
1359 7
976 265
1299 209
596 10
1109 225
1133 70
149 259
1294 16
1181 366
1155 283
1478 289
432 374
445 11
433 249
883 315
1140 330
676 198
317 251
308 84
176 210
1379 64
617 160
1123 234
768 370
1183 94
705 217
757 115
872 20
25 7
1247 63
985 179
189 99
660 135
886 86
286 151
1033 48
1222 364
958 304
41 111
815 347
971 27
1223 104
644 348
1391 301
263 123
1327 330
1379 233
67 349
1476 159
1349 177
179 58
476 77
63 269
1483 161
610 255
1122 291
644 307
15 329
489 1
1399 335
1260 273
42 154
165 111
362 308
1091 203
50 245
717 117
794 40
425 360
1342 180
813 37
24 141
650 44
1213 90
1013 216
890 92
695 203
1213 307
674 319
1228 252
312 51
428 212
1012 178
907 90
1441 86
262 153
543 21
496 67
745 81
639 177
867 304
288 199
1412 105
180 11
1069 357
337 375
1119 353
73 269
348 263
917 182
114 283
608 49
1298 193
569 199
268 110
627 227
1225 187
1264 346
397 216
497 151
435 22
219 10
261 309
123 258
44 298
528 120
319 215
376 335
643 113
418 152
658 151
1033 93
731 266
516 256
371 268
162 123
353 157
53 354
289 20
362 274
641 23
476 322
752 261
483 33
798 102
201 102
1272 79
375 123
615 60
768 350
986 257
396 325
415 105
891 144
616 372
132 73
1203 101
304 54
1088 31
858 311
1235 133
1353 233
216 51
553 231
460 105
265 239
754 261
1231 204
745 324
271 153
678 41
1149 30
570 148
913 180
554 219
504 90
724 331
874 317
53 261
258 129
716 225
755 275
735 341
504 359
86 359
922 377
911 208
311 168
371 328
327 78
560 325
547 193
1093 198
1239 128
740 166
597 287
686 209
544 123
1386 346
1396 363
497 239
1284 208
1282 125
333 93
743 277
659 269
1233 186
825 194
761 71
425 118
992 319
790 252
888 302
713 182
676 15
225 45
969 113
1338 192
123 229
1326 90
1214 267
1353 179
114 198
154 83
113 291
1065 180
250 66
150 139
482 241
950 207
845 77
1087 157
556 91
1489 236
549 151
582 197
293 75
294 145
287 280
539 165
1374 217
1484 122
1407 301
100 367
35 256
1398 220
966 118
903 139
1064 371
252 146
584 176
27 225
879 180
545 243
1298 134
825 306
1127 9
1404 294
679 345
1087 28
296 311
1480 118
9 21
1118 359
361 309
238 54
446 29
1278 40
1190 302
1369 263
234 101
666 26
859 361
1177 296
1164 127
976 115
825 196
65 259
198 110
911 304
1361 280
1110 13
162 216
974 201
969 149
1121 351
826 297
1450 213
769 265
743 184
1308 247
807 347
1369 343
1402 288
1364 369
497 274
394 165
195 346
1037 183
523 233
1425 317
1235 276
663 170
131 365
1083 141
1180 122
202 135
1092 77
1356 228
997 152
504 71
115 130
562 200
134 269
1242 242
218 40
1439 112
727 352
787 224
847 88
1484 375
1215 243
757 184
172 366
987 176
511 21
377 327
993 144
824 239
906 331
929 359
395 101
1090 22
325 23
1474 85
817 245
589 35
878 161
1423 234
1179 292
140 17
620 208
825 307
1320 330
195 262
183 39
904 59
276 308
715 74
458 20
1380 224
1291 125
1485 203
1066 29
781 255
106 336
1419 215
313 104
98 296
1001 338
1457 231
387 170
1283 252
901 247
1492 58
135 304
1425 337
1384 98
805 130
462 194
719 113
398 230
1173 91
343 368
366 86
1010 158
279 97
503 361
1143 27
404 172
876 58
720 210
956 198
514 222
219 52
1373 280
1092 142
1433 128
1137 377
420 229
1209 215
413 108
609 32
134 244
597 125
567 53
189 265
667 205
309 24
1260 226
684 75
1366 79
8 293
908 27
924 306
1018 72
1433 129
1451 246
998 152
1143 257
209 164
1376 251
1083 15
1050 196
1219 89
456 367
795 217
707 279
1289 154
1248 207
267 308
1209 246
1415 377
632 15
217 19
419 62
322 129
478 259
1227 295
110 59
312 198
326 185
628 308
875 41
635 111
1136 240
45 92
556 46
957 252
1494 2
1358 203
1411 117
575 100
433 297
1494 329
858 314
1033 327
1053 278
952 27
560 85
806 339
711 290
354 164
171 82
260 46
907 363
73 255
1052 140
295 173
764 160
1171 144
270 371
799 224
1388 84
301 197
114 127
124 223
790 30
503 94
1221 128
1232 81
1147 32
625 316
952 118
462 189
124 245
851 125
565 319
1305 161
914 173
706 36
1492 66
1260 304
885 371
469 274
104 249
273 87
1109 75
249 348
200 368
1229 286
181 276
290 123
174 51
541 130
75 33
49 256
645 303
569 242
766 291
349 17
192 200
857 34
64 328
1075 45
1407 125
1443 319
745 12
1299 151
666 145
401 4
1278 294
490 9
542 65
1055 50
1127 264
71 211
486 338
1362 79
35 94
689 105
661 23
605 351
1178 203
1221 266
1078 196
988 257
1056 152
1268 350
1392 155
1129 373
537 177
1042 290
888 242
57 350
1161 92
280 213
528 320
649 331
424 127
549 274
713 30
562 116
49 164
1428 53
1457 292
1088 200
60 96
1042 325
935 258
460 57
115 131
1132 41
277 86
998 31
1181 17
1160 335
475 280
34 34
529 34
818 304
904 116
587 141
1015 256
742 351
11 299
638 77
1497 51
272 111
79 175
107 271
205 25
23 27
657 348
1285 130
604 331
9 49
966 245
1160 358
1207 226
983 181
814 45
281 58
696 316
448 165
1168 244
1092 318
189 148
1274 61
1092 117
1433 225
374 219
245 129
962 230
465 12
984 122
1430 261
1471 239
722 160
457 98
321 73
1211 241
547 108
559 339
114 45
1384 41
94 320
471 308
762 110
840 276
1361 238
1005 50
785 335
449 343
680 4
1464 237
986 229
360 19
1145 314
274 376
966 114
148 54
666 116
936 346
741 302
1084 97
339 121
564 189
445 148
383 99
847 190
144 331
103 14
1310 272
523 183
877 234
1254 346
717 101
1338 152
558 42
537 200
858 27
378 325
42 279
255 144
1252 315
1486 87
1271 198
1217 141
1309 14
1116 103
1070 106
601 196
117 123
994 56
100 108
840 106
1476 350
1326 66
353 337
1310 12
1456 258
1037 107
981 354
1361 277
788 342
833 302
1477 90
501 314
1031 48
895 19
1463 170
4 133
1306 312
502 280
45 202
955 90
1017 156
410 47
198 377
377 207
440 347
465 369
1409 263
166 211
732 33
1010 170
252 365
155 4
913 219
1384 62
1114 113
1231 241
734 98
281 339
846 236
1110 257
872 177
41 145
1439 119
1260 327
453 182
1470 195
287 184
71 3
466 162
737 193
1219 118
1339 280
609 222
39 262
657 57
312 132
53 368
1355 239
1332 57
1341 300
284 188
528 94
1472 75
48 350
591 254
649 258
12 226
256 296
608 324
615 171
96 212
1216 69
117 104
1009 221
595 309
786 152
1080 189
1047 27
806 162
1400 139
1306 358
61 93
122 333
611 278
985 161
270 301
300 35
989 235
10 196
784 265
862 225
702 172
1078 335
1281 353
423 122
426 96
453 275
732 304
1500 209
1258 215
1407 72
1185 352
1407 292
92 269
227 135
840 279
697 95
543 182
319 375
1425 341
619 336
1344 57
1499 10
1008 58
587 2
1283 232
587 323
654 59
685 103
709 354
206 92
61 108
823 105
101 369
612 284
1455 168
909 151
278 147
564 158
1236 137
156 358
740 68
397 240
1440 42
1228 110
295 201
555 343
676 261
1287 291
420 288
639 307
1002 79
418 346
1172 223
1328 297
1028 301
519 52
232 215
407 192
469 100
564 236
980 82
844 98
1410 358
192 111
46 360
211 37
1217 351
120 333
165 264
865 34
1375 178
949 153
375 221
956 223
1156 26
205 288
741 112
1416 297
1133 78
1241 209
885 341
973 307
1264 269
1093 132
12 142
279 4
1254 57
808 122
514 156
458 181
307 368
1381 123
940 350
102 38
1430 313
1228 117
377 215
587 332
685 109
791 11
447 313
13 300
633 287
1266 106
359 111
25 54
601 191
1368 188
941 87
458 223
1216 40
922 325
428 363
1068 30
1271 25
1346 37
1426 317
502 126
771 262
1178 252
1052 269
1428 21
1009 182
805 254
725 10
731 165
1286 38
318 272
806 274
566 147
536 62
132 331
842 263
486 32
1485 272
291 328
767 329
1328 363
927 81
1228 278
884 96
57 333
1400 175
394 291
1193 37
737 73
1385 17
547 330
883 321
1070 257
171 142
1341 312
606 281
706 283
7 131
1345 16
1112 277
231 184
120 1
1471 7
587 322
366 133
1166 156
1166 31
325 323
31 357
1005 367
10 141
735 134
346 265
544 245
1450 98
388 287
451 107
666 163
102 241
466 140
206 154
68 5
1100 63
1091 92
1313 188
718 212
1199 303
332 39
1137 45
795 373
555 373
687 92
725 52
33 141
521 263
807 127
316 213
922 241
1198 220
972 250
23 353
659 193
674 88
1151 282
741 275
900 275
485 130
462 348
999 347
1162 263
95 364
651 189
728 170
643 152
350 86
1125 93
151 82
1213 249
365 33
943 274
1051 3
105 79
26 121
1066 209
1356 111
411 82
1256 268
1342 354
1208 269
1417 26
827 166
754 35
455 177
423 318
969 336
110 286
775 177
452 224
178 273
229 153
1207 19
122 66
934 191
916 66
1205 241
837 93
123 222
1109 17
829 85
902 269
1107 10
1300 244
432 81
1147 122
650 148
560 276
537 38
945 162
1119 301
306 18
1297 190
1114 369
1320 214
1101 103
1164 82
484 115
1002 215
968 245
12 266
1500 96
673 308
975 30
204 17
95 212
1003 242
1367 248
558 367
1027 360
718 171
561 112
271 183
673 84
126 63
1420 346
656 217
526 149
1057 15
1428 304
53 151
160 229
1261 44
1003 352
156 9
512 250
499 165
1205 366
118 138
904 88
749 256
675 35
683 156
1076 322
543 54
302 183
543 278
1417 235
1285 325
1224 153
1492 305
1150 347
1045 311
1011 22
710 144
962 70
572 285
611 203
404 25
319 243
622 73
1326 251
1105 211
1472 65
237 110
1098 299
1158 323
1251 260
51 203
128 76
985 207
1198 324
742 128
342 202
557 212
564 86
1123 242
277 63
202 327
274 7
3 92
1405 110
565 131
405 351
91 114
392 307
435 129
856 356
898 219
572 246
1245 95
561 317
533 227
1317 205
1145 1
1291 189
1124 211
767 17
1223 50
1346 9
385 360
853 256
140 54
12 117
52 160
850 16
520 128
604 232
144 138
173 342
415 245
116 67
512 68
871 24
570 305
1251 77
1212 69
1060 16
432 6
1081 314
846 253
596 212
1118 211
956 142
1477 189
1253 215
286 50
1283 356
451 359
1251 48
1203 101
466 198
703 326
1058 96
554 326
270 236
172 274
279 240
108 52
1413 102
1123 5
899 116
1415 50
144 127
984 37
868 141
110 176
1403 341
536 36
1015 221
1471 315
545 92
781 37
1238 225
393 114
966 177
1150 328
880 117
1018 123
1146 98
782 122
783 316
486 362
1181 248
1042 321
984 167
241 11
1241 244
1204 224
1407 223
917 159
1393 133
102 265
577 267
1031 295
670 116
1407 106
706 206
870 73
532 9
496 102
299 243
163 153
1427 125
1270 240
1455 96
979 287
357 72
1190 167
894 345
302 265
991 313
685 44
825 89
361 2
132 294
1063 40
125 239
300 237
1113 199
1112 328
652 47
151 197
273 311
739 78
916 89
1371 91
908 281
1381 83
275 181
37 338
999 63
632 86
321 114
280 60
1341 90
1081 262
1442 154
326 358
1301 331
10 161
1228 241
258 304
584 42
476 145
136 80
755 325
1372 317
714 106
168 228
877 208
470 110
454 212
1237 306
1356 32
815 71
397 276
287 313
440 1
274 34
289 61
193 55
902 100
257 55
802 253
1271 302
222 118
826 223
858 274
1395 161
407 372
213 107
814 273
136 328
1031 202
736 193
140 61
948 267
1169 249
324 73
29 349
901 55
906 69
1191 197
1155 285
1426 214
369 258
983 147
818 45
55 7
1381 307
541 188
1119 26
1378 54
412 10
873 119
1039 129
364 244
199 270
36 293
421 124
154 40
1205 183
379 99
704 309
189 232
474 371
410 326
428 66
1122 22
1171 105
413 164
1032 27
220 355
233 298
1201 164
304 71
566 153
278 65
935 33
924 253
940 108
318 125
861 121
1273 197
962 122
1080 103
167 345
682 137
157 9
484 269
1142 342
596 112
57 376
1014 12
1007 314
1188 175
918 310
1268 117
685 246
901 198
1264 330
1275 2
1221 238
1475 331
108 362
417 282
323 257
510 179
1292 54
857 28
1015 108
853 199
589 339
672 167
774 262
858 230
1193 141
730 16
638 154
1173 28
801 24
1427 225
1174 110
149 262
561 232
67 199
1485 56
838 10
1248 79
1318 280
1072 371
1147 8
381 39
1255 278
102 288
1388 87
37 288
112 249
270 7
1186 88
318 259
1178 184
939 66
105 41
367 243
1319 37
1441 268
913 74
775 263
778 177
1386 347
84 325
720 103
325 282
933 138
53 21
288 371
223 23
14 131
847 196
427 11
1256 156
1420 163
836 136
908 51
688 225
36 205
1022 282
470 299
759 311
1127 4
986 288
521 60
129 84
148 62
599 214
97 72
195 247
1468 40
729 134
1189 230
871 235
31 41
971 338
150 195
1419 157
61 369
1029 296
624 203
1042 366
827 54
887 160
639 137
610 206
676 244
74 251
1318 219
1350 175
939 365
488 174
680 122
1275 193
643 245
826 297
1237 56
207 288
739 112
1089 358
747 363
1318 247
1297 255
914 358
804 132
771 44
1494 136
1081 357
1198 65
1381 266
460 39
654 2
1191 283
634 289
432 110
494 223
1064 242
130 4
914 319
34 354
1151 299
162 338
612 264
1233 14
982 231
1125 87
1301 94
749 247
457 1
1281 277
1457 89
1336 166
347 52
596 42
628 53
845 125
540 303
265 155
299 255
732 218
1176 313
421 93
1064 151
1012 117
542 359
683 222
1046 62
162 63
585 198
307 284
683 65
829 131
113 107
173 347
688 369
570 17
1236 251
1497 223
1305 364
243 101
906 220
1352 13
253 128
148 51
1268 90
302 134
785 5
1033 154
326 163
527 308
1399 312
311 276
829 317
1466 161
901 136
571 136
66 157
805 75
713 220
1433 128
30 133
263 232
1365 145
352 319
1125 138
1176 361
505 159
1256 173
863 367
459 207
1264 332
888 137
839 198
482 326
638 119
861 38
1130 329
262 221
145 208
770 89
1075 304
153 212
1423 183
141 345
1470 260
1413 213
425 269
1247 219
965 84
885 255
44 341
1420 139
1476 128
1319 345
1288 147
1006 159
934 257
469 73
845 253
997 39
362 358
398 202
558 217
834 297
1455 69
1080 140
1027 102
1012 94
174 286
243 218
607 342
689 2
918 10
435 70
793 76
996 184
1372 163
960 126
167 79
1309 352
714 50
1005 320
1229 321
238 49
913 369
582 296
608 322
1317 130
1221 280
177 138
795 152
1425 202
938 42
696 192
844 325
593 34
1272 68
142 306
237 271
1117 186
944 329
180 132
313 82
299 118
710 35
1354 64
444 305
830 175
365 346
399 261
