444
26 4718
34 3327
2 3407
13 9363
34 3282
29 6181
14 8378
11 5279
43 9675
14 9774
21 7671
16 6028
39 9546
31 3995
14 2088
32 8640
8 1810
47 7413
49 6193
48 9898
16 3618
19 5484
10 5969
21 8654
5 7693
44 6289
46 5882
7 3672
10 1855
35 143
6 3224
16 1606
22 9476
25 9048
26 5502
12 676
16 2770
45 941
49 4598
45 5781
3 5648
36 4191
32 9298
25 255
23 9647
19 1752
19 4693
11 5676
44 7115
22 5202
43 9883
37 5713
32 9610
21 139
25 3176
18 3252
21 6195
27 8636
44 2054
15 919
39 6149
30 4008
29 7558
30 3948
31 2322
6 333
22 7738
13 7621
34 7374
37 270
47 5093
32 7669
49 4798
21 2383
33 6808
21 1122
5 6331
20 4224
27 4326
6 5996
7 9248
23 4743
28 7945
22 4269
6 3261
42 2371
39 5664
13 6728
32 5731
33 8638
46 8357
42 4953
20 5937
12 7125
45 1178
10 3908
17 3611
19 2308
49 7397
7 1199
9 3058
32 5877
17 2961
27 8137
47 2586
17 7646
32 2883
16 7390
1 5419
11 696
37 4129
5 839
39 602
27 3172
28 5262
11 4526
47 314
23 8410
19 9910
47 5461
22 2318
31 672
49 9831
25 258
34 9785
9 9111
43 9986
36 4788
4 443
16 2366
28 8601
50 7387
18 3484
25 6507
30 4141
39 157
47 4231
34 2268
22 2578
3 4341
20 2658
1 1243
5 1012
28 7301
4 972
48 1516
31 126
40 2441
25 3836
5 3287
44 8733
2 1227
50 7782
17 4833
18 2578
42 1707
25 9329
49 568
31 8272
17 304
20 4685
12 7401
43 4525
8 7421
3 2674
21 7403
30 8265
5 2982
37 2069
32 5953
28 5387
3 4690
8 6914
46 6919
18 1930
49 6770
41 7454
19 2967
49 6704
34 7333
20 819
12 857
46 9427
41 2042
32 967
3 3013
42 1798
34 5943
30 2875
40 6437
9 7398
43 4347
11 6069
35 6972
31 3815
15 5546
43 3655
39 7287
34 2552
42 8885
7 7984
39 890
16 6539
27 9083
46 1144
48 9514
18 4946
42 1724
5 8713
23 5846
11 4169
27 7753
28 2145
22 5013
14 5247
43 7634
20 6901
43 1143
30 3996
46 5776
26 5994
38 8181
8 9010
17 9641
25 7313
47 3123
48 6194
39 4901
10 7706
30 8426
39 3249
38 2621
50 9376
30 3452
13 3334
48 5183
26 8603
33 5111
45 6540
28 5390
11 4875
23 2391
38 6467
41 8301
43 2516
40 1601
24 4024
21 4654
41 380
26 5939
19 6790
19 6681
46 2609
27 1886
32 8615
41 2263
32 8619
26 3975
40 9960
21 289
9 5828
36 5255
28 8421
2 6924
8 5905
29 3364
24 2
1 8993
19 6887
12 1704
43 5625
50 4514
28 1992
17 4863
30 538
23 5409
31 7095
21 5402
36 2010
43 3195
13 4417
30 5728
24 4585
30 3211
19 8215
1 431
27 2642
26 1320
38 1218
48 9690
6 8307
25 104
11 6995
37 7946
19 2609
8 4280
31 9563
19 9568
33 7376
34 5966
21 4123
27 6588
11 114
21 478
49 1184
12 6236
31 6862
11 8944
1 6630
27 1987
39 2321
45 2835
12 2798
24 5909
19 257
10 8613
26 1102
7 8651
35 7218
39 4446
24 8642
29 385
5 7168
30 7415
5 9150
49 271
22 3924
49 9590
4 1632
3 7172
29 3875
40 2044
39 1516
28 6552
21 3024
10 933
42 6765
35 8719
35 4852
31 4429
10 369
12 838
23 2322
47 5785
46 1552
44 9955
5 3895
24 8669
42 2091
7 673
36 5221
46 1217
42 86
19 21
3 4305
9 8406
21 7830
37 4516
4 3104
11 2954
8 82
37 8618
7 5960
14 5040
33 4256
9 1470
12 7521
5 6770
43 3133
39 7058
45 6959
17 7798
18 254
23 1143
23 8610
25 3236
20 1009
17 2344
21 7265
41 6323
34 1665
25 1345
12 564
48 3177
34 1943
31 7372
47 9764
28 3665
49 4206
15 3177
8 4038
13 2170
25 7349
45 5258
25 1377
43 6837
40 3593
38 9423
38 920
23 9411
2 4536
50 9961
35 5674
23 1817
23 9166
46 7635
40 852
24 6516
46 1008
10 7361
25 1545
29 3206
18 7555
13 6910
11 198
45 3638
48 4280
30 4823
39 7006
24 6982
28 8025
23 958
22 2094
46 1979
38 2668
2 881
7 5753
13 8942
20 7378
20 2920
3 7149
30 7752
16 3273
46 4974
12 7837
14 2248
1 1304
46 22
35 2001
12 4547
8 9736
33 6296
29 1034
48 9365
30
401 233
190 328
57 88
594 236
332 4
1285 296
634 213
33 404
806 7
1282 322
1248 41
1426 209
771 111
1109 271
756 173
679 145
795 161
347 296
1435 312
618 38
650 409
287 99
387 350
229 82
1324 124
289 290
894 295
1099 55
308 81
58 126
