82
19 6614
49 24
12 1628
1 9819
23 7234
12 3774
28 1651
34 1628
13 5060
37 7881
7 7442
8 4713
29 9631
4 2349
24 7137
42 8268
18 8280
11 7812
24 9502
33 7854
1 1019
39 9544
22 7293
42 7306
19 3505
45 1763
25 4734
29 4208
4 6956
48 7389
7 3723
39 6806
19 7175
29 5641
27 1301
38 7139
37 7904
14 4127
7 1079
32 4977
43 1276
46 3732
36 2386
50 7187
44 2603
43 8502
5 8366
6 5296
43 8273
31 7248
46 9079
16 6650
26 8358
32 5088
7 6848
25 2483
34 8888
2 9626
41 5832
9 8522
27 9975
26 4339
28 1919
24 4071
39 912
15 2133
6 2205
27 9391
32 278
48 7184
2 5680
10 7615
41 1638
3 2057
34 9869
17 3630
40 7246
12 9802
22 614
14 9808
30 633
23 7404
23
508 60
967 82
61 20
350 40
817 39
810 82
1436 4
1481 32
119 54
910 30
658 27
180 62
472 20
999 71
262 53
1314 59
316 52
1067 46
394 13
586 62
260 66
697 24
848 80
