843
7 4184
44 6398
27 2198
28 9966
37 5879
27 7982
29 9900
3 5299
1 8530
18 4822
20 9356
4 9243
32 2060
45 5325
39 6916
38 2618
35 2658
9 4190
14 8084
35 6546
9 9831
38 4474
14 4462
7 3586
5 2163
37 4866
21 5176
48 8462
32 6138
8 2678
49 5738
47 7461
12 2839
29 4077
5 2811
13 2854
25 654
21 8047
28 9167
48 2513
44 5272
31 7385
19 3052
8 5860
35 8475
2 6963
29 6547
22 5831
42 5399
23 1964
1 4322
8 2437
10 350
7 1106
11 7288
21 7049
13 6372
37 4445
33 1323
13 422
16 8868
17 8709
30 4986
7 7707
7 5653
36 4530
18 4144
26 6110
50 9244
33 3358
20 7362
10 8035
15 7387
29 2616
1 2893
22 2356
14 5530
17 756
18 4345
26 4610
18 9691
49 2914
9 5618
13 6850
13 3287
45 2042
15 7526
14 788
14 2496
29 2982
12 7535
26 1331
48 2268
1 1969
6 4913
45 9567
35 7139
23 5115
18 4066
8 444
11 2841
32 7609
29 8871
36 5369
17 4809
16 8677
16 2488
25 480
24 9294
17 1794
50 9573
24 8146
22 4573
31 8469
13 4437
31 2994
1 5264
28 7050
33 9325
45 7760
39 9936
43 8628
14 5439
45 6108
4 5665
19 4680
49 1719
38 2725
40 74
19 8331
31 4133
15 8665
8 6396
28 4245
8 3038
10 8801
34 9775
19 2666
42 148
34 1318
32 8034
1 7296
35 4455
38 2541
29 7153
34 3107
50 6741
11 4254
25 1021
35 9545
11 6997
1 3312
11 8850
6 7940
23 1110
12 4215
2 8942
9 1120
10 2715
7 4225
14 5041
48 3883
30 2763
9 2285
3 1395
1 6784
49 432
41 4562
36 1302
21 757
24 5334
11 7418
30 5915
16 2734
34 2189
30 2466
33 655
46 5313
15 6048
5 8490
39 3070
9 6609
16 9383
7 2449
20 6953
29 2340
21 2491
3 5420
6 9559
41 9629
10 5603
8 5978
10 4469
31 509
14 5435
9 6506
10 5056
23 701
28 4284
31 8964
2 4659
34 1595
12 2286
31 6949
22 2061
10 7825
27 7539
29 572
7 2220
11 9566
3 6841
39 7738
1 1126
6 3808
42 5924
30 5237
13 2495
28 3478
27 4838
22 6674
26 5928
24 6296
27 3198
42 3307
23 5656
32 2551
14 7484
27 7097
28 504
1 4250
8 6926
8 4673
4 5817
8 9092
31 4027
11 4157
50 9560
37 611
25 141
31 2075
16 7384
49 1714
8 1779
27 2432
9 8947
26 6191
39 6868
48 5968
3 9077
35 9482
30 5111
11 9383
34 6675
17 5547
25 1194
3 1782
22 3488
35 767
21 1370
24 4098
29 9907
7 7468
40 8872
15 4047
13 7309
15 3753
41 5288
39 9349
1 8439
6 7918
42 5888
19 7923
24 3856
4 8711
32 2093
10 6801
6 3931
38 6254
24 3296
36 164
31 8590
1 1202
12 4517
5 1902
27 4558
20 1950
30 4951
45 5179
11 3094
8 7642
50 9214
26 7105
7 7748
37 3452
50 3113
21 3556
19 2829
13 8826
25 5916
38 94
33 2114
10 3538
13 2146
14 8245
32 3215
47 8482
21 4021
37 9082
50 7395
49 4624
45 271
31 1236
24 6731
40 2959
41 7165
26 1952
31 2903
37 6939
23 7089
43 3130
43 8546
18 7078
27 4295
28 9007
21 196
43 1234
25 2767
16 8774
30 9017
9 951
28 7752
12 7024
3 8138
32 1014
33 1500
13 9212
18 5789
17 2240
4 4903
43 5242
19 211
7 5768
4 7678
42 7219
44 5413
47 7113
47 7217
9 6067
18 4787
31 4723
9 4853
46 465
20 3248
4 7118
50 8567
30 1762
14 3035
40 644
8 5957
14 30
32 7221
50 8667
46 9946
44 3254
48 5671
50 3636
47 5577
4 5778
1 2769
18 3422
49 2950
7 8680
19 7555
17 8692
3 9243
7 4204
14 3877
33 1224
28 4624
15 3896
29 1313
2 7869
29 1546
4 5325
34 1992
4 7603
37 6311
1 658
14 6672
25 2374
5 3385
4 6850
24 2985
16 1738
11 5624
14 7559
25 1279
35 4284
1 995
28 696
2 8122
1 2045
26 7932
18 4708
50 2985
49 2215
24 9071
19 4627
43 5345
35 2138
18 5430
12 2554
10 1698
15 1250
34 4888
17 8595
6 7918
14 9391
21 9560
48 3136
36 7438
18 1070
44 7418
24 3957
8 5249
33 4744
20 8183
9 7421
43 6309
44 9764
28 3768
9 6278
21 697
44 2483
22 8124
43 6073
24 89
37 4321
10 9396
49 8460
26 3981
33 8082
46 6897
6 2452
47 9362
10 5372
35 9928
41 3038
39 9545
3 9767
31 5385
37 3033
18 7164
3 4588
15 2658
38 6440
50 9998
8 9899
9 2818
23 3140
7 4579
40 2386
11 5840
21 249
36 6964
13 773
3 3656
49 8024
6 9000
50 9437
25 3890
26 1201
5 4704
1 5498
6 6672
5 6067
28 1022
47 7505
23 5850
1 5467
49 4574
10 8449
35 4981
43 7267
50 178
27 7127
8 4898
21 6036
46 2655
32 3754
38 1921
3 6701
30 100
38 1355
38 9343
41 1437
50 3611
45 4970
13 2684
14 3612
34 5232
7 6036
33 9775
13 4694
31 1971
40 9038
39 8264
34 1067
19 5456
4 9420
21 2500
25 7650
25 8252
21 184
43 2067
13 1356
3 5275
29 228
37 7880
40 7161
31 138
7 1759
21 2820
48 7242
44 5078
43 4274
23 5907
30 5167
45 7994
38 9130
38 2694
25 5055
32 2496
6 7115
11 1051
19 3896
6 6215
46 835
19 9418
19 92
30 5787
13 7095
17 1456
19 4080
45 1890
2 2787
37 2587
25 5058
46 3104
13 432
6 3188
41 5844
23 4709
35 3489
14 6176
28 6001
21 7158
25 2341
19 701
28 5422
21 5
13 7236
7 3304
18 8758
48 3289
12 4379
47 3170
49 7503
33 3131
33 1607
23 6781
7 7146
20 1847
4 4089
42 2985
40 167
1 8261
10 7049
25 6659
12 6399
45 382
37 9491
13 2182
7 6814
39 8332
13 1130
12 6534
38 4421
14 2612
27 4024
4 2171
9 548
9 541
10 2614
16 3960
46 7723
50 4725
44 9833
40 2596
4 4766
3 8233
46 2511
33 6967
15 855
43 3952
3 4490
12 1564
28 818
37 6526
27 1380
5 1233
11 9143
14 7903
10 2015
42 1319
1 8506
8 2319
46 3997
38 5403
24 5662
2 6882
42 4229
21 2736
48 2827
3 8427
15 4508
24 2261
35 9982
42 2640
20 9614
47 7570
26 7073
1 2259
32 5490
39 9666
50 1118
11 4432
17 3658
35 2426
2 8748
46 5162
8 9883
41 3262
41 3198
42 8466
20 3025
50 1199
40 6746
14 7840
24 1246
17 2005
49 5330
8 5500
35 1529
39 8407
2 3642
38 6701
41 4373
1 9092
29 5238
16 1061
26 7694
34 1767
25 376
39 5646
31 9692
10 7473
38 5731
29 1843
32 976
41 6183
37 9070
37 5771
36 4536
35 1121
46 7154
28 9241
34 8589
12 3887
32 3578
44 1173
25 1075
20 6466
46 7703
31 8139
6 6686
37 9800
5 8516
35 4481
9 4974
34 3594
44 752
32 8090
32 9022
12 1515
34 3763
12 9518
8 6246
48 1376
4 7563
47 9892
21 2988
29 6971
47 2276
39 2648
48 8867
15 100
36 9923
13 2649
13 9685
50 6820
34 1253
29 3751
35 3647
37 7430
11 6627
2 4244
45 1708
18 1988
2 7233
25 4596
20 878
9 9471
2 6163
9 8619
37 3489
16 1546
48 3322
42 5155
37 6731
44 7462
43 3705
16 3206
13 8502
42 7318
49 6304
14 1920
21 1798
37 154
47 6112
32 3405
3 5460
3 6454
8 6900
2 5627
14 1730
44 9975
32 368
42 1239
34 2300
13 29
32 9234
13 4321
44 3560
8 6692
37 9940
26 6738
26 1889
42 850
25 4895
36 1574
17 8171
1 6824
31 1407
5 7066
28 5961
20 5140
2 5491
5 3133
29 1235
20 6664
22 8147
43 7697
1 3615
26 1678
8 8965
23 7450
33 5924
49 8324
41 1785
10 781
37 5276
6 1870
12 4700
25 8276
36 9794
10 5937
5 7531
44 3440
40 3937
34 1953
26 3987
2 1482
9 5260
14 7187
3 1051
11 5138
31 2997
14 862
39 6629
23 6001
34 243
46 164
14 4468
43 8004
46 8429
19 1630
48 3376
11 9676
1 4833
11 9449
7 3444
46 6165
5 4814
46 4327
17 6996
20 2437
50 5016
32 5667
3 1585
14 8090
9 619
25 3965
12 547
14 9489
33 1534
14 7917
31 639
36 5832
2 5070
27 8958
37 629
4 374
7 2544
22 9397
19 6901
26 3531
18 5595
30 2199
43 99
36 9047
44 9693
18 5193
3000
168 820
260 198
634 617
212 258
1305 705
616 195
494 452
241 647
792 376
403 785
445 615
1338 221
274 194
901 200
1086 412
427 813
1286 375
1264 361
1173 243
1272 212
1288 49
1386 837
311 842
84 776
38 11
1225 573
1335 593
589 579
59 416
182 24
627 52
251 13
834 601
1269 702
213 472
1269 500
1335 6
1148 239
1343 299
347 782
383 453
534 223
726 784
1491 787
675 79
399 618
1121 529
1167 464
213 121
1085 21
1222 823
906 235
1267 332
41 429
673 315
241 65
1394 666
333 45
113 290
936 686
162 354
907 838
919 726
473 520
100 4
140 720
1260 25
998 290
525 404
116 104
986 260
368 212
1199 791
530 582
15 369
460 241
249 352
600 823
676 162
671 283
1316 236
118 413
1250 713
903 716
1458 455
551 367
230 659
238 739
767 186
1078 134
1328 327
1174 225
613 44
1103 198
992 122
1046 774
1117 85
16 790
1475 350
144 548
220 378
651 833
824 183
1076 61
487 248
1273 251
493 777
595 831
447 570
601 14
101 371
1259 1
384 248
829 409
422 640
56 626
969 626
57 408
1024 343
941 108
160 74
983 646
1372 551
81 170
1272 298
194 495
319 349
1436 766
325 425
569 334
926 352
1322 740
636 361
1451 639
1183 71
1261 442
956 815
313 741
827 100
631 432
1284 40
712 822
1306 63
1129 201
1002 536
405 274
576 224
441 358
123 586
1346 118
933 790
412 428
1094 527
303 533
647 656
993 545
1107 153
1118 207
670 465
107 294
579 176
994 509
1383 555
940 249
1339 455
572 358
1127 205
323 518
1287 240
936 649
72 153
1340 397
1134 833
496 207
438 456
94 774
1355 387
894 612
106 432
815 729
766 463
1346 177
204 544
824 488
693 309
312 243
888 538
1307 736
795 2
1156 453
1392 598
248 548
1411 328
570 362
152 641
239 344
761 358
965 112
558 606
633 821
571 172
1252 526
778 798
468 199
1003 762
746 390
1231 201
1311 641
638 649
909 724
1266 681
1381 217
1055 391
176 594
109 454
386 216
447 725
529 571
711 707
1480 215
818 24
859 799
736 534
1149 280
893 388
790 248
45 3
112 463
862 701
719 184
1110 248
434 170
1170 725
1289 8
1331 538
417 591
1411 19
596 745
688 478
1496 49
1105 370
388 587
1110 417
483 593
1108 779
830 69
1410 136
438 728
1345 664
324 579
954 599
655 491
670 247
623 827
619 370
56 403
152 562
608 416
58 465
887 254
731 597
1348 700
341 754
195 667
974 575
598 4
477 805
583 208
505 593
1007 269
831 342
236 833
754 604
61 699
270 811
614 532
1003 541
1444 61
1103 696
840 334
440 9
1490 232
586 765
195 5
1398 575
1422 141
1434 599
264 634
1275 167
1308 12
309 643
1028 824
675 300
307 235
1487 828
298 171
15 687
426 334
1146 797
318 781
727 415
337 282
1158 562
423 284
479 213
731 692
1367 92
1063 584
684 415
1385 576
430 196
1500 549
1151 736
214 588
571 469
873 328
754 12
872 591
1052 396
99 103
1288 463
1290 839
192 640
678 326
70 234
1173 705
456 652
1470 326
745 761
329 50
1277 508
1478 193
957 569
1144 719
41 509
766 406
1136 553
366 33
1267 651
723 457
1394 148
91 487
774 332
762 526
1315 26
1209 84
863 723
28 480
1128 210
798 633
305 327
1481 474
918 647
598 626
442 491
1045 681
1186 286
387 607
431 492
976 241
402 369
1428 702
1456 61
383 47
1089 498
929 430
577 672
993 43
345 741
1152 536
320 717
889 398
265 746
1434 710
452 800
1055 787
970 43
95 126
86 386
1305 238
698 301
1317 721
727 762
52 351
556 278
1212 637
348 685
406 502
559 296
1463 231
921 650
75 744
1142 736
593 345
233 742
317 231
709 474
944 642
473 511
555 116
613 1
673 360
853 145
1190 122
896 431
1334 652
707 541
779 311
904 577
725 670
1294 212
31 434
1434 49
53 481
1206 556
589 770
1232 830
81 505
1223 351
163 209
1025 745
1054 761
449 239
67 570
1333 275
944 97
8 512
849 655
1413 290
964 34
242 460
621 497
590 200
217 524
1221 248
1433 693
542 822
910 782
306 586
1328 435
358 522
133 669
179 137
349 599
1115 317
158 140
346 53
492 367
777 292
1334 785
307 469
1102 542
1236 56
110 169
1077 251
1097 688
535 829
277 249
693 235
617 515
741 482
410 727
788 425
1409 424
1427 203
622 345
384 650
954 7
1335 350
1250 748
267 235
283 430
1123 512
459 566
1197 167
1448 166
1041 200
684 274
405 169
748 424
622 636
325 523
730 828
128 625
774 424
1469 176
1243 796
461 147
1053 104
300 267
849 808
132 396
16 561
1076 656
761 270
623 121
1102 769
366 300
1249 7
1305 251
1306 244
140 214
985 236
1423 529
1160 784
650 591
1457 370
154 166
1234 394
152 565
1163 749
80 241
408 439
602 765
1387 589
1132 802
999 557
1486 573
540 71
1256 225
988 565
1381 175
1454 815
1462 505
522 814
159 624
970 89
81 650
803 510
395 309
937 200
404 128
139 675
487 291
457 16
577 467
1443 51
698 266
873 42
1120 170
1303 13
744 25
1120 267
92 71
843 417
1487 205
630 786
1430 811
1235 646
1181 37
225 769
1147 243
1184 222
1432 486
78 563
234 481
657 402
1054 597
835 605
1136 220
851 143
45 354
1120 662
1152 115
808 722
1397 81
988 173
759 637
842 563
726 657
1195 454
1262 202
1224 816
914 310
844 88
105 72
604 652
990 384
234 160
21 585
740 757
764 769
1322 468
275 739
699 478
858 154
641 137
852 773
178 193
13 732
1218 403
229 708
698 498
851 153
543 124
1226 824
30 228
267 264
444 473
1157 1
905 664
1161 784
1446 529
980 577
358 148
807 515
116 493
492 388
620 545
127 659
569 658
1120 793
661 814
1465 315
245 339
374 750
1237 30
582 737
269 410
236 835
948 427
463 205
571 499
272 383
1160 79
295 478
1093 663
1252 259
1318 60
50 544
135 698
858 264
150 617
1015 697
1052 506
1245 546
208 434
1162 592
32 718
728 50
212 806
881 243
162 797
894 811
259 283
1382 42
274 437
1272 765
1095 323
844 530
382 666
1006 221
1468 8
907 685
583 631
1053 317
836 543
266 183
17 78
625 560
1455 371
204 224
639 142
347 838
121 7
854 120
400 12
618 116
711 778
26 131
1237 489
1355 292
350 814
1111 715
183 545
1184 401
513 512
901 470
880 816
1364 754
704 794
106 314
106 611
212 59
780 781
953 376
387 657
741 589
1161 830
815 180
109 570
270 211
956 145
279 787
669 215
52 42
68 153
972 548
731 688
1296 738
563 99
191 291
1489 512
44 221
1296 164
615 56
1012 698
356 519
489 709
1220 271
372 143
1213 343
933 403
400 660
698 248
327 621
593 91
1413 555
1120 539
1184 768
355 631
719 83
168 347
221 75
1484 574
869 827
483 703
210 749
350 170
368 709
1148 369
585 442
1089 111
1462 187
1320 391
681 633
342 717
884 602
641 176
1464 317
1315 658
1143 405
724 815
747 279
510 755
472 463
1228 102
360 29
662 185
103 262
348 810
1441 543
445 616
1450 590
1285 442
982 684
927 12
650 34
588 653
1411 760
887 313
1203 109
597 754
279 350
536 286
97 75
126 328
175 633
958 204
274 50
34 804
387 201
1163 77
965 752
174 241
262 323
175 145
1042 793
998 819
771 827
1185 428
562 664
1337 34
181 732
1340 280
340 686
349 521
335 115
119 10
346 269
1474 200
1004 295
1310 55
1106 613
1481 787
48 255
1025 558
54 143
752 642
1402 213
522 711
1231 770
1399 193
826 365
696 39
596 75
719 365
547 542
887 537
1441 369
284 646
58 367
1151 570
612 454
33 222
1131 137
965 240
604 590
911 623
1449 173
743 512
601 735
398 100
63 610
531 446
1224 713
1309 611
1284 423
198 412
206 461
35 108
1232 321
1380 555
775 352
1173 133
1009 11
222 516
229 437
757 77
778 87
905 572
1454 627
349 160
782 660
1012 508
112 188
1291 449
784 419
386 812
1173 744
128 827
714 272
196 12
1142 404
458 65
1140 751
615 17
39 840
402 403
760 669
777 196
1407 707
1328 284
181 632
1004 202
38 468
1255 550
910 550
1484 103
346 309
1261 163
386 227
496 436
1379 329
528 788
292 226
146 25
307 286
654 103
524 323
574 271
813 199
636 340
93 769
459 46
1010 474
1210 500
802 625
800 742
1122 388
829 614
479 164
667 301
241 622
842 102
1368 25
841 770
49 34
1286 683
650 1
1225 276
1171 500
632 713
1047 688
300 475
731 172
553 486
548 833
173 355
973 203
237 489
1218 380
823 828
677 148
940 158
1212 609
498 418
1363 460
1165 122
908 294
631 741
15 643
226 543
576 628
699 489
927 478
660 105
1101 179
314 67
705 805
271 445
404 429
437 638
862 35
264 560
1463 465
1115 180
1000 636
1231 338
39 159
398 817
599 136
1252 297
1172 374
863 216
1362 264
140 59
1174 177
1187 603
1121 576
573 19
1082 408
515 102
1315 72
642 74
1083 189
1448 289
1360 483
1093 484
35 494
1250 236
409 707
1474 325
179 592
527 777
791 121
14 281
1421 595
1491 777
1212 614
179 355
1259 787
1402 482
966 583
676 126
1349 318
1465 562
703 683
263 193
1039 756
1036 351
231 499
1040 251
1500 249
159 746
659 436
868 217
301 639
84 647
3 234
997 622
1161 469
673 462
623 824
1234 162
1035 95
21 842
157 45
1021 629
400 378
1268 468
1492 659
1100 183
1002 780
1426 273
367 437
873 428
1307 237
1497 50
1038 344
476 307
1116 745
1082 101
873 65
1008 508
1182 646
244 315
934 812
1243 165
713 703
715 700
1280 320
1098 145
1106 115
276 558
194 180
1116 483
791 119
967 816
1100 70
1001 504
380 627
873 692
775 199
708 103
510 18
894 736
1229 280
1300 610
1364 517
1343 750
348 173
1078 782
1304 695
1232 396
489 466
1277 299
1026 584
1421 677
1162 721
724 148
1402 114
694 97
911 48
9 329
174 31
676 250
1126 214
263 746
188 596
524 813
1132 578
158 336
506 17
519 167
135 839
1205 63
511 747
1442 128
1114 831
6 243
1355 574
143 292
1359 28
71 78
59 38
1110 159
292 83
1273 182
564 631
613 526
1243 410
1054 74
70 45
811 373
1261 679
248 529
638 558
412 732
823 150
18 392
483 379
1345 119
118 758
548 767
338 341
744 205
441 377
1445 384
368 256
1255 550
1445 835
619 80
1212 720
1067 243
1036 697
336 476
991 459
991 507
384 606
141 833
22 267
285 359
368 563
280 536
469 165
275 825
1243 497
1350 713
1490 559
1002 774
761 682
1095 368
1178 841
1141 832
502 259
630 66
402 750
419 588
67 774
619 607
584 173
149 760
114 453
898 143
563 704
180 1
169 516
1188 99
1437 431
1103 533
880 491
1484 202
33 666
585 558
854 522
1404 564
289 819
468 812
1300 688
222 610
103 181
619 145
246 411
554 408
1314 597
826 40
1205 749
960 356
1210 458
211 625
302 631
1030 280
1165 468
680 526
1284 414
1205 186
163 66
1095 469
198 158
997 166
1389 752
1338 840
491 243
1301 570
1300 598
1166 727
534 125
535 233
1099 172
374 698
1055 247
114 289
449 183
335 6
391 93
557 549
1455 399
1186 664
321 14
611 326
72 54
1066 131
1494 549
49 81
1443 190
830 81
196 662
539 675
463 261
506 723
221 47
882 312
759 332
101 169
225 721
772 654
1043 607
81 642
513 436
671 453
751 124
846 485
1141 394
1485 252
17 371
1111 182
1222 327
940 716
315 514
318 545
418 484
1397 746
333 300
1309 80
1449 408
10 51
867 735
155 766
12 774
642 95
63 168
1367 198
444 255
1234 31
660 800
612 177
1023 23
829 501
627 474
1228 721
151 674
1164 462
340 345
1444 128
58 468
109 561
409 73
325 498
1313 240
451 280
415 516
61 632
1049 242
1048 136
745 43
1381 155
698 640
683 357
870 639
732 667
65 192
468 442
642 820
181 357
1428 45
1352 709
176 454
49 640
329 742
1474 37
435 386
1388 447
561 498
543 138
679 544
175 799
1131 646
348 584
255 373
360 688
21 486
928 115
871 132
922 139
609 784
438 450
392 18
232 444
880 298
1498 422
953 297
5 553
1190 714
188 758
1329 237
333 251
788 630
1437 238
1421 529
1058 316
219 462
514 256
78 186
1187 832
1382 594
711 712
1101 529
595 543
616 646
1151 323
509 798
192 649
246 348
956 630
1390 727
122 728
1474 450
1354 737
198 74
329 360
557 75
1063 82
138 500
434 228
356 461
1160 707
151 327
130 642
147 312
87 150
482 236
724 535
597 74
116 152
1310 713
1325 519
485 182
286 831
1124 566
212 256
363 410
758 301
688 154
268 75
182 527
979 598
1350 388
856 70
736 843
191 152
1026 826
180 201
946 716
1268 816
379 205
676 135
1379 714
1496 73
1300 36
1290 194
115 448
1010 125
1239 670
526 633
27 466
286 836
993 64
860 697
701 725
696 111
731 64
1490 539
1488 820
186 124
767 837
1044 802
926 450
550 116
1237 106
801 212
1348 610
830 75
1224 637
34 489
367 368
1398 779
767 554
518 548
1024 113
325 477
215 216
24 155
373 362
989 66
913 361
814 360
739 551
170 421
198 711
1046 668
1098 287
1183 108
530 771
379 512
29 364
725 743
325 11
395 261
1264 474
819 420
1196 62
902 61
837 615
569 794
491 699
805 89
952 644
467 136
773 37
700 291
45 657
824 84
1289 70
340 494
452 405
1370 570
125 86
309 352
253 332
17 78
643 704
831 774
1178 369
1091 39
1499 495
642 836
985 538
357 178
656 600
1010 47
1423 182
925 24
1300 2
387 532
447 183
467 67
1418 335
760 710
1453 13
71 234
333 630
277 182
690 260
891 73
1213 67
48 527
442 694
109 460
595 368
1327 627
1117 8
62 286
645 194
1490 331
918 496
376 645
1418 708
511 267
714 724
1078 784
874 160
1276 57
1399 88
181 739
929 762
957 191
171 550
874 736
1424 748
809 294
745 419
415 601
620 556
932 742
1322 157
538 185
849 266
901 462
740 197
526 189
48 399
473 303
620 553
253 788
429 207
1432 460
1292 829
307 748
1443 81
1253 562
688 722
711 657
481 573
815 647
1388 304
6 288
465 387
254 230
72 658
171 541
67 94
748 815
1198 608
763 658
1451 66
75 509
812 227
88 785
489 373
1111 296
22 765
1007 78
1092 550
1077 364
622 400
1347 508
844 439
52 757
92 78
1223 609
1449 658
1088 807
640 261
1472 588
88 821
241 835
634 298
1398 76
664 302
807 619
1214 340
661 147
1398 684
904 261
109 448
1200 462
627 211
133 218
104 634
354 310
223 164
480 501
549 82
58 677
139 619
331 525
354 444
1169 809
358 529
101 720
508 94
996 613
1106 412
123 329
379 60
1255 412
1058 720
1464 719
1449 546
1403 525
474 385
14 780
978 38
1249 765
121 480
505 828
231 139
562 131
684 341
245 362
591 256
884 89
1037 468
1445 554
861 513
1225 238
616 231
291 478
78 429
772 72
823 735
1330 391
1143 149
1046 702
291 671
172 253
564 770
1033 148
1222 176
820 635
1061 692
407 125
1190 108
452 28
1121 105
279 357
880 440
211 652
844 488
919 377
314 565
1336 404
1419 669
1362 230
1329 773
1129 301
746 320
36 488
823 302
407 483
748 474
100 499
717 281
1085 779
618 490
1203 338
821 324
1347 406
1213 497
343 146
1053 753
1118 91
801 181
651 822
224 726
1094 589
344 114
1127 401
1456 772
125 760
1124 691
1205 143
1083 664
1233 842
214 816
377 579
836 316
527 143
200 435
1220 605
547 421
1468 542
1033 641
446 516
177 386
80 496
286 117
476 203
541 191
1112 755
1421 252
541 754
460 748
991 82
84 39
216 23
378 26
240 174
274 529
123 780
1293 190
47 483
616 639
1288 137
144 317
1156 266
689 252
1371 654
800 590
1167 405
1461 416
683 490
199 629
272 224
758 181
286 234
97 375
274 25
468 288
1024 777
787 771
479 277
188 218
188 428
1362 774
833 704
731 61
320 223
12 742
431 376
692 399
1242 830
1260 85
758 817
1147 109
768 114
457 790
486 251
355 479
22 330
1401 101
451 289
87 77
246 221
1309 742
1125 577
1244 368
1113 722
139 173
1300 377
593 661
1446 81
388 673
938 392
1390 157
211 26
333 436
1321 626
730 161
559 371
840 576
712 725
1124 536
591 19
105 245
548 677
1164 285
1489 250
1488 545
767 613
665 226
1345 353
437 363
1369 794
562 482
94 399
906 713
13 565
64 622
17 93
696 729
732 544
1383 417
573 281
7 477
555 714
767 453
1102 755
1008 225
1091 415
1085 218
472 397
1351 841
360 491
745 732
767 533
276 832
520 3
340 353
817 255
1018 139
417 707
851 408
645 355
156 795
148 446
1017 311
588 7
375 385
1102 307
1231 81
1297 393
1353 87
574 141
834 325
86 514
1466 188
1159 246
98 813
1170 104
826 624
1053 174
626 300
1220 672
125 274
1308 525
418 752
324 607
840 394
1107 379
343 421
1280 720
1014 479
778 104
544 205
1251 646
1425 587
1012 61
285 409
470 349
59 291
60 781
440 265
886 165
801 19
977 839
402 598
196 370
1387 306
82 388
329 218
782 695
951 540
633 321
256 375
1329 411
1395 609
2 272
435 725
457 683
155 162
1 219
1021 795
239 196
414 499
1313 260
543 52
393 101
100 501
984 355
1335 253
1212 110
508 365
920 757
711 28
781 346
175 629
1442 324
89 87
404 541
49 704
1261 203
1120 770
623 17
1186 3
105 214
182 752
540 189
71 165
1070 698
273 57
849 273
51 318
403 320
732 271
1165 362
864 755
496 562
297 566
546 480
521 420
1118 758
597 85
970 448
1394 425
55 87
285 441
507 432
502 212
1428 332
270 718
913 193
1333 257
611 386
739 298
1116 803
1038 128
799 655
1438 448
472 808
497 404
213 46
276 618
873 385
1365 627
388 778
310 68
710 795
1318 175
1063 781
145 169
319 450
727 243
11 701
1420 396
666 87
36 493
784 642
1224 221
176 270
624 305
951 177
1069 23
374 526
985 463
800 170
446 782
604 246
177 217
1054 366
413 633
95 211
978 119
482 32
943 8
792 104
225 331
1038 498
1018 578
487 562
478 820
1104 794
1296 192
1050 268
1214 147
1293 817
981 539
928 807
655 104
518 530
1319 463
1411 245
1058 526
1346 69
1305 695
1494 491
671 715
178 49
414 122
495 761
215 54
286 760
1148 383
642 381
219 62
516 180
1065 211
207 205
1125 167
129 642
1325 520
1183 196
1468 24
631 471
505 302
1322 706
240 121
523 723
1186 638
619 538
1266 171
1101 528
1435 266
747 722
413 811
1339 110
636 728
850 456
1252 842
959 77
1496 685
1174 248
750 459
406 418
813 110
1302 488
110 644
1232 169
438 830
1175 87
1407 519
218 376
497 280
337 215
1225 503
191 337
838 337
105 214
1483 363
819 466
296 369
1379 741
113 403
398 162
1244 481
687 40
590 217
1019 30
585 129
58 132
728 775
608 790
591 369
466 132
1101 33
219 607
159 64
1432 714
189 583
1109 61
270 491
999 311
11 75
1487 318
811 357
157 28
189 676
1403 333
137 295
576 110
46 608
1049 466
1069 258
1259 742
1252 536
112 41
987 245
535 645
662 336
971 233
600 367
720 153
1189 569
407 186
151 567
525 406
915 656
1044 553
1308 697
606 209
802 735
506 679
1211 280
651 127
1264 257
30 435
662 717
121 171
1366 608
145 138
1291 363
1233 257
385 26
734 376
1237 116
1056 124
51 547
1130 265
778 228
806 211
673 240
1386 696
854 799
225 156
874 261
945 760
155 343
149 834
585 520
256 358
1489 546
1133 597
557 776
1151 444
1017 53
523 749
1056 773
346 354
825 128
164 813
1413 787
733 512
695 742
752 400
445 316
588 568
312 235
437 34
1170 187
675 277
879 600
1196 127
363 736
901 649
1450 800
319 700
654 146
1362 634
1473 536
364 127
755 661
1476 829
1223 134
676 647
229 755
642 786
1451 593
862 583
803 611
1471 610
24 597
838 183
930 746
258 464
1453 671
599 737
539 813
227 726
788 642
794 325
1473 335
673 370
82 773
515 792
1365 544
1371 808
436 228
411 820
584 843
1401 252
743 807
107 171
315 577
1406 582
1145 307
169 599
612 64
450 360
693 821
776 367
636 79
1291 12
267 821
1062 161
1234 772
1375 36
1157 334
11 289
332 779
165 83
834 354
127 158
139 184
189 797
55 296
1102 67
426 369
373 153
168 236
172 816
1149 568
694 283
101 794
1353 515
111 443
820 204
389 740
371 615
489 411
1029 304
487 576
1386 598
155 295
827 68
1290 260
89 59
1169 563
1176 743
1125 194
936 629
789 321
1443 376
267 147
898 540
646 21
1148 458
256 104
349 384
484 427
875 168
935 491
291 278
1455 774
1 428
988 37
1461 691
428 607
1131 26
16 787
267 731
257 151
2 661
18 590
366 471
708 47
553 780
493 569
795 42
400 371
1441 419
611 288
1499 572
561 10
1170 129
1253 392
1111 136
1331 52
1332 328
384 525
81 448
357 681
1125 667
561 15
1391 507
691 796
184 532
1189 450
5 255
349 267
446 35
1465 771
1392 217
201 35
1465 65
291 735
933 645
65 250
380 287
1418 603
208 667
982 284
761 249
473 776
250 226
349 219
77 773
956 164
121 105
1464 142
1431 422
493 742
115 761
105 671
455 9
1348 713
183 118
402 94
237 330
832 37
625 816
982 658
334 788
1412 283
908 478
467 590
772 39
948 120
742 808
208 773
15 306
12 750
1214 254
145 742
312 531
1428 577
652 432
164 265
1296 677
41 651
646 220
994 686
892 439
336 573
518 504
596 120
24 657
1481 788
564 632
700 126
752 316
1284 347
1185 77
1136 809
178 331
1051 327
312 582
343 550
115 149
1459 588
931 199
1239 303
605 14
551 82
911 16
339 740
622 620
1035 546
372 516
517 684
1453 555
733 379
1447 594
215 16
1361 54
170 820
200 302
582 678
1047 686
1492 212
866 271
1491 183
212 113
751 319
1284 548
1337 108
1112 224
358 179
1088 319
1350 541
19 24
1212 137
215 365
747 790
505 597
434 543
1360 120
829 274
721 146
211 460
139 106
781 276
111 506
781 764
794 222
1399 265
943 396
1097 188
43 783
905 651
1196 341
67 147
1110 136
1494 479
842 713
1441 244
837 46
376 658
1217 834
214 260
791 724
790 836
557 347
718 91
943 568
213 150
218 101
369 804
534 616
183 48
1041 794
727 32
741 415
1441 726
1150 182
780 495
730 97
1418 537
27 163
1458 672
245 757
1253 615
1461 537
74 64
421 400
409 364
1102 701
1116 428
1339 835
979 595
283 121
1161 406
745 174
881 827
383 814
423 631
845 842
448 676
247 157
278 827
1471 529
238 766
1128 69
1144 740
1150 166
1194 727
789 6
809 352
772 180
232 639
246 249
1021 348
964 105
654 393
118 517
1252 343
1221 610
464 306
1236 36
417 169
574 808
421 651
663 556
1443 324
490 596
896 180
1232 664
1112 485
440 114
972 422
114 153
652 604
159 377
394 827
501 421
659 86
326 542
1052 464
520 414
119 372
851 186
436 73
413 38
343 466
98 315
673 170
638 698
763 450
1201 263
481 386
1374 525
602 240
806 549
974 320
1198 738
969 808
1279 475
941 251
76 449
1208 254
1483 672
917 561
1203 707
111 668
340 400
358 674
815 463
477 190
1425 608
1119 236
1050 610
580 342
480 437
332 472
74 180
1033 26
1322 607
569 200
695 309
320 55
84 615
976 85
32 172
218 201
346 124
1103 533
911 504
597 631
742 599
689 807
1036 42
897 499
512 651
243 361
318 615
1077 730
1417 353
818 88
448 351
404 629
132 688
603 369
632 440
990 227
382 401
961 77
505 563
1303 184
58 47
857 189
406 635
164 161
1114 163
1414 572
1315 828
88 166
168 707
844 662
444 695
1198 126
732 193
895 843
1416 450
296 679
278 443
1067 128
1404 178
260 439
1194 706
1080 32
1397 677
40 795
752 66
810 42
920 333
1018 537
1153 309
1002 567
418 256
889 137
1317 463
428 430
864 493
402 692
890 14
1363 474
803 484
158 515
797 458
39 530
680 530
1304 121
465 344
997 291
704 303
613 796
587 465
1179 655
373 190
421 206
6 264
735 30
686 828
478 150
853 231
97 332
901 806
1436 226
1167 350
525 351
141 168
675 761
598 748
735 604
169 474
88 736
432 169
1350 284
273 456
1440 191
655 258
290 215
605 558
1269 116
876 658
1010 579
436 131
1168 424
775 715
322 140
144 423
1359 360
674 123
1392 6
450 732
801 322
1140 6
1014 367
630 511
980 103
328 455
274 58
1420 345
88 501
1475 127
313 131
223 841
260 391
484 449
203 80
401 128
1391 756
1086 412
1121 206
1076 741
920 226
518 451
963 838
1154 513
218 388
455 457
1466 418
616 446
1080 60
1251 476
622 232
446 753
690 803
627 607
297 577
706 538
34 19
21 257
842 86
1407 476
594 25
1206 465
1292 170
764 236
1038 560
549 756
340 411
241 783
1314 66
1060 454
1353 689
770 309
858 563
966 199
539 259
377 335
1481 503
1358 647
1009 40
776 342
766 842
703 129
999 465
1273 51
1113 557
490 821
1444 248
816 75
1289 165
802 785
170 720
287 465
755 654
1273 811
127 374
1028 354
748 383
1434 407
917 322
1317 185
870 186
998 666
416 770
1009 243
947 736
1173 306
976 42
992 501
954 48
881 74
85 441
889 59
1423 573
605 508
539 662
1039 259
1333 517
1187 705
97 16
87 101
427 604
399 271
714 408
1131 10
462 170
776 21
596 45
895 516
319 812
1356 581
833 256
1342 842
272 123
132 44
750 9
7 627
1015 447
1116 536
1188 196
1048 28
1182 473
1149 540
1139 620
444 34
1172 308
548 347
819 798
756 154
706 752
995 234
1122 509
1373 714
795 596
1446 146
1219 286
515 201
1119 253
1147 60
366 725
147 589
554 684
1186 491
839 35
82 307
1163 715
322 412
453 619
610 286
42 344
58 738
1168 554
467 317
152 377
376 531
1124 406
1250 787
1154 152
663 489
64 330
827 252
415 578
1106 609
748 443
795 319
962 563
556 203
25 63
658 112
661 492
1018 752
415 662
1076 772
423 84
827 170
1223 720
656 16
1256 785
736 77
709 140
332 162
1371 384
269 681
165 449
20 562
916 695
624 431
1021 445
66 352
282 303
1460 529
1321 628
525 115
1099 517
527 134
846 170
65 315
973 625
1063 255
861 5
1443 115
134 585
663 243
1071 194
1264 195
1476 494
1217 413
238 447
1331 40
648 535
611 369
338 26
311 295
1473 551
401 700
1198 753
357 131
1393 444
825 692
1177 296
903 9
357 759
1003 533
1170 704
1105 839
889 368
1290 43
62 31
80 49
654 603
168 71
236 694
1211 371
1077 30
245 813
1249 559
8 150
295 463
1089 455
158 178
630 562
361 14
908 776
1357 472
337 130
977 834
788 290
582 279
354 179
1250 520
102 660
1422 616
1426 571
194 636
1310 33
611 406
200 652
302 727
24 713
1428 194
1421 682
687 575
1395 489
711 780
1295 182
530 756
446 77
1389 762
294 805
450 564
68 469
95 813
644 810
879 330
170 394
146 319
815 455
218 248
384 716
124 674
1450 207
450 482
20 601
607 572
444 826
859 588
685 718
709 681
1442 577
506 723
1452 150
733 717
127 488
606 373
399 604
1083 50
501 404
1000 29
204 444
585 722
329 321
875 482
1479 640
325 163
852 283
493 392
1009 96
1287 375
828 543
951 391
766 736
761 293
221 793
542 718
352 356
693 603
1334 148
23 616
1296 391
1284 657
463 842
726 747
849 20
915 343
72 689
1329 447
887 172
648 744
387 378
1102 377
244 5
788 663
51 609
873 132
381 459
342 632
1378 24
857 668
1424 123
1317 114
1137 206
1384 347
500 277
94 526
1035 720
1227 547
637 698
1234 210
1037 828
994 671
1150 472
1434 124
570 252
1439 195
752 121
497 825
304 93
1137 575
159 32
224 13
374 384
1000 123
84 276
207 714
948 379
43 295
178 607
1154 380
117 352
452 251
598 291
1008 840
184 792
445 120
339 307
328 83
271 645
524 162
1106 389
726 9
1014 517
1057 309
1239 148
697 570
405 545
1060 433
82 694
291 21
1158 457
581 230
1170 41
532 827
61 156
433 787
1172 740
58 701
