720
20 1317
42 3201
31 7715
36 2667
28 6247
1 2864
23 5537
8 8303
30 6290
20 2302
39 3413
15 3232
17 7426
41 5469
12 6724
5 9395
19 2285
36 9485
45 4403
7 5725
46 8884
12 8356
37 5776
20 8248
18 2557
14 9125
2 2546
36 5521
4 9634
27 3779
43 2357
36 9467
40 6327
4 4788
17 6365
1 1790
7 2798
38 1323
7 7572
2 3116
10 6153
15 6098
40 6988
22 3
50 7115
25 104
30 1669
40 84
18 8959
50 5659
49 9904
28 328
46 7949
40 5837
47 9793
39 607
33 7920
14 449
50 3186
15 6597
19 4896
26 6987
7 2835
15 3201
29 2009
23 9893
50 2033
26 6823
8 7820
3 7090
19 3406
29 1337
16 4086
25 3568
28 648
29 7554
22 8345
15 5987
17 8206
24 3438
34 1385
8 8109
48 1344
4 9990
46 7921
4 5263
7 7332
28 5485
49 1186
17 9352
13 3934
20 7765
46 1480
10 7296
14 8657
3 8428
13 255
7 1647
47 2323
46 5356
34 7909
43 5154
15 2014
44 313
24 5554
22 410
20 8216
15 4923
18 5668
22 24
46 4804
49 1136
38 8415
4 4687
46 7613
3 5921
12 7409
21 7962
3 7045
36 7562
43 6053
6 8920
18 629
36 2271
34 4269
50 6935
45 4358
41 2767
45 6768
39 2014
19 4285
34 5378
37 525
18 5272
27 8338
28 10
49 6869
26 2857
13 4070
38 4744
40 7802
32 7216
14 4827
23 5953
5 2714
6 748
49 2979
37 1548
23 6156
14 1883
40 9094
4 4938
25 8709
36 4580
23 7196
27 8830
47 1856
32 9495
38 7504
30 3481
49 4690
1 355
14 3080
38 9142
13 6553
13 3570
30 4520
41 518
40 2503
45 1175
4 5218
8 9307
38 6924
49 9750
7 6311
40 7141
41 8601
15 8846
39 2195
35 5126
18 9912
34 2284
24 5951
40 7257
6 4720
15 7847
22 8264
1 8677
6 3154
32 7661
50 1336
3 2841
27 59
2 5963
46 9465
17 8854
8 5837
48 6959
37 4360
20 1724
34 5145
23 4206
3 3277
46 3346
23 8789
45 4580
18 4686
50 5072
16 6535
33 2739
43 545
21 3521
45 1905
48 1133
15 6960
35 4160
47 9966
24 928
38 1439
47 814
21 3766
37 2885
8 8300
16 2927
1 1856
44 6245
43 201
28 1223
28 9402
32 5721
9 2445
21 1602
30 8701
7 5798
39 5183
50 8245
21 8514
47 5071
46 6921
30 5022
6 1635
46 4433
20 6540
5 174
22 558
45 7603
4 8125
34 7372
33 7989
9 2944
10 641
32 5645
1 2258
7 6397
13 4730
10 3212
43 5609
45 5081
22 4371
43 3705
16 64
13 1536
37 5814
26 2876
17 4459
44 5132
11 8648
8 4801
23 3443
19 3115
19 9173
17 3425
5 3838
13 6849
27 4438
4 7653
42 3949
7 427
5 4405
26 4926
15 4888
21 2216
44 3274
11 5873
44 3949
23 4284
45 2589
10 1486
7 6691
19 6737
34 2322
35 5484
15 7794
16 3779
30 2817
13 3037
8 6203
27 8528
11 3166
39 4083
47 6393
48 827
25 526
49 5052
16 6981
42 3904
34 2036
32 9122
44 5907
23 6637
5 8592
12 5341
45 7730
17 7861
26 8565
42 8746
4 7330
2 4275
3 1080
27 2118
5 8488
35 5172
29 1220
20 1715
46 8498
17 961
50 3187
45 7315
8 4239
19 6181
17 5845
13 2976
38 48
16 474
27 9524
34 5337
33 1994
32 1786
41 2219
27 4512
4 9712
35 8833
36 2465
48 1123
43 6510
1 7090
25 3324
39 8458
20 1960
8 6585
35 967
5 4176
25 9726
21 2038
36 266
2 47
2 1936
48 6609
30 9352
19 7893
7 2554
27 7098
45 121
22 8127
44 8189
47 7456
46 5569
39 1684
33 8990
23 5988
46 99
18 2098
15 7922
18 2669
7 4851
15 2508
16 2597
31 5935
41 2988
2 781
37 7015
7 194
50 2767
7 8783
12 4079
7 4211
30 3945
4 7458
29 1310
32 5765
23 4258
5 6352
12 4203
15 4676
1 9694
32 9871
22 9489
30 9484
8 9116
9 4661
25 4925
42 3437
24 6944
50 6132
41 2494
49 3645
6 5482
48 2180
30 3828
33 9211
18 246
33 6074
37 6395
33 8946
34 2263
3 6235
31 7869
18 75
47 9559
4 903
29 6719
10 1718
38 9932
38 5281
38 323
4 3065
9 9841
34 584
36 2805
45 7160
27 1994
42 7274
16 5916
49 4606
9 702
8 1005
6 553
33 8059
28 5024
50 3841
17 7172
46 3148
2 5673
44 8266
14 1244
8 3584
31 4987
39 5536
25 1727
48 2912
31 4553
27 9769
41 482
14 6480
1 9683
16 2028
9 8617
45 1048
16 5641
20 3474
40 8561
2 68
8 2391
44 5344
34 2530
11 8848
40 6885
23 9328
20 1607
11 8108
35 5869
10 8224
23 2375
34 1880
37 7896
37 6157
2 4879
37 8656
47 5219
12 8962
16 9485
38 102
48 9417
28 7886
2 5010
16 3941
32 4879
1 6930
4 4068
24 4538
39 4998
50 7313
48 5577
23 968
35 1816
21 4579
15 9520
1 2292
46 726
20 235
24 3361
35 9766
33 553
39 7238
42 4184
1 868
43 6450
18 1848
50 4843
4 3631
16 4722
7 3321
4 5819
22 3393
44 3692
10 2645
46 3231
50 163
42 1331
24 7336
37 9380
27 6229
34 6093
46 9187
42 2175
7 1223
17 6405
12 1113
49 7505
2 6365
8 5864
18 8270
45 2602
9 1063
6 9701
36 3468
31 9312
24 9470
39 1161
21 1557
35 3250
14 2598
3 5022
41 9314
21 2369
18 6026
38 7437
12 495
27 9932
32 3125
20 9052
48 8485
41 9617
35 3048
23 4543
8 8122
34 7058
35 1950
29 3331
44 9567
36 3166
44 8277
19 517
33 5611
5 6523
9 1998
36 2956
31 2268
23 2803
22 7994
7 4735
18 4870
24 8360
16 6384
17 3632
5 8522
37 8484
27 8100
8 8090
4 5480
10 8922
26 1636
50 6810
43 5293
15 6598
7 6263
4 2496
40 453
22 4163
23 558
23 4
14 2700
35 5376
41 708
21 9171
18 8501
26 3599
7 8152
45 9029
14 7090
21 2477
48 3233
19 5243
7 1987
41 6196
9 3076
29 5818
42 1710
24 9648
38 3495
49 753
49 1357
18 6885
9 1868
31 9474
32 477
45 4482
50 5515
18 3461
8 5494
12 5749
33 4824
35 3305
34 5396
30 9725
26 7952
15 396
17 6312
41 1065
46 3977
11 1749
17 6439
19 1778
7 8923
4 6107
46 6320
39 7410
8 2965
37 6457
16 263
44 1356
23 1246
44 4565
14 9310
32 1240
10 9048
16 4978
46 4412
49 321
35 7016
49 7763
6 1410
50 723
50 893
16 5985
10 5519
16 1906
12 4730
24 8126
21 9148
30 5109
43 8824
49 5590
47 8042
33 5892
43 886
3 2902
9 8023
30 7322
25 772
29 5802
3 5222
38 3235
3 3211
24 6225
47 3861
23 834
30 4860
3 8936
13 1562
5 901
42 9685
11 4111
17 5978
9 9975
28 9204
2 5193
10 2519
8 6672
23 9296
6 4579
24 6260
37 3605
44 9032
38 1416
15 3170
17 8789
1 853
46 8223
28 4802
19 8388
27 1383
17 3682
25 7074
34 988
49 9700
23 2874
5 5177
10 5004
35 552
42 8559
22 5381
13 7946
36 6432
32 674
5 1400
24 531
33 5242
16 3860
3 1620
3000
320 165
823 633
1319 291
62 615
415 179
729 622
84 634
274 675
245 130
283 607
81 364
226 634
415 678
362 228
267 666
1405 256
1030 542
56 620
1407 290
242 145
279 208
47 31
628 72
1433 426
452 354
357 545
1485 628
575 389
485 171
1050 93
1485 9
241 393
1159 364
83 641
30 99
939 28
122 146
983 441
915 508
1391 619
128 564
926 462
171 30
180 426
1185 15
1460 641
1141 224
742 249
519 687
557 633
1266 512
642 408
767 166
642 130
212 277
657 525
1217 472
646 244
266 699
551 515
56 4
1301 374
741 350
684 420
557 135
1371 410
1398 335
602 247
1463 37
376 151
32 252
1494 114
1216 360
533 535
581 224
277 267
575 434
783 168
329 158
1201 712
121 508
477 3
393 81
568 662
192 362
1433 430
406 191
317 719
1315 213
262 286
1459 213
1038 399
124 175
656 527
585 588
1423 229
1035 66
420 211
803 311
1202 207
1158 169
1483 557
525 259
1326 76
491 145
1061 473
16 295
1089 532
959 399
447 118
126 604
1234 719
1202 75
413 630
682 316
1230 611
336 378
404 676
1491 414
1166 616
730 430
1223 603
27 120
1317 252
799 523
1025 176
931 135
823 596
1128 399
1009 702
681 576
502 645
422 184
1442 567
944 49
1353 140
955 475
945 262
567 151
318 403
838 573
919 373
287 364
1044 161
1155 591
705 57
79 655
298 133
1118 178
1217 715
820 540
99 508
121 360
1469 67
651 304
1466 527
710 131
244 695
306 274
1251 306
135 659
549 82
1300 519
448 571
254 380
305 519
1273 70
25 29
1024 443
1309 539
787 95
128 423
465 199
1367 634
213 524
1232 596
1136 546
581 106
384 88
629 240
1239 181
640 366
1305 648
771 615
958 592
534 54
1419 465
997 200
845 446
193 568
577 216
210 8
1135 402
950 34
419 718
460 700
539 656
288 607
511 77
90 238
989 708
954 471
757 557
1357 696
785 538
84 42
443 335
1376 196
1149 473
448 191
1479 137
652 191
1477 522
494 2
1182 140
984 365
397 658
839 48
1040 331
645 216
1063 163
2 518
236 443
988 439
169 143
885 58
269 433
207 489
300 90
567 103
813 476
1450 312
935 2
844 574
698 299
689 701
764 384
1410 484
715 328
1338 609
978 364
351 78
1004 280
142 22
965 393
345 504
320 426
57 482
498 551
114 547
897 67
747 540
1129 362
207 461
728 639
164 244
1053 15
861 709
722 169
1482 144
782 426
1479 329
821 106
1216 212
1037 404
1173 337
1150 666
119 389
984 160
226 495
1195 534
1212 400
1018 117
1087 250
716 125
1204 180
1213 256
278 551
416 10
993 486
760 230
579 426
744 132
838 646
861 407
666 668
1078 517
1293 404
174 582
10 246
58 338
584 408
401 558
472 381
912 218
134 407
298 88
1215 694
824 496
1454 254
997 257
6 382
114 457
1145 609
438 220
1190 464
725 190
898 132
448 290
665 605
1140 276
869 667
26 643
1224 507
263 324
797 505
586 50
652 208
221 25
463 635
389 566
1486 690
701 611
1073 260
128 131
625 672
399 157
1101 154
1209 58
755 192
1210 459
678 656
1321 86
1278 138
1311 515
719 376
1346 575
64 112
1495 678
1420 363
798 221
552 431
300 210
522 577
1378 238
784 61
792 56
367 604
892 86
423 561
1301 609
1406 159
1125 506
64 417
1179 541
506 365
1239 708
1073 625
40 372
1276 463
1098 703
15 673
1088 373
153 601
1317 275
522 78
1401 694
1015 369
103 263
1101 43
513 547
1283 428
1239 534
1336 40
432 687
826 7
737 655
1100 299
256 705
684 397
1160 52
48 132
1386 218
750 373
445 696
821 490
1171 452
279 9
1147 5
402 400
155 675
1433 718
1212 617
146 100
281 77
187 445
990 456
132 204
776 281
506 231
79 413
137 604
1184 96
665 614
1215 390
844 329
516 298
938 74
764 584
117 197
897 577
1112 391
1053 265
749 201
83 175
1395 80
543 486
1073 604
1076 468
1032 199
124 66
694 504
889 408
1140 259
736 325
1152 243
379 631
1136 369
939 404
853 33
1216 114
131 284
917 371
1364 105
584 55
839 134
201 237
539 297
519 227
415 193
1052 115
1082 641
451 457
126 138
231 219
433 281
1158 331
1308 154
924 375
73 666
576 536
1188 15
695 122
1361 228
130 373
491 445
1323 631
328 50
1266 417
994 88
582 556
878 539
153 136
852 190
1019 588
1024 327
638 524
555 133
700 408
1426 93
902 168
462 60
566 123
30 716
298 482
1079 681
99 288
420 110
1478 365
941 205
852 662
1030 169
1200 143
345 78
949 423
496 267
1426 372
625 577
89 340
1034 242
970 540
975 96
774 605
1470 12
765 470
1426 256
837 472
895 74
1302 702
1350 388
1338 138
222 193
1000 362
1213 2
430 690
1322 701
1005 432
1488 66
546 699
424 363
173 370
175 533
1110 321
1342 103
1073 577
1114 294
749 88
1416 188
728 146
40 229
325 307
64 459
90 438
482 89
68 437
1063 660
720 694
52 541
1264 531
1383 110
59 251
653 254
708 326
80 338
711 292
380 280
630 697
258 363
631 160
985 80
872 213
1290 192
855 39
963 277
1005 670
871 231
238 142
824 9
351 650
685 80
1226 667
1058 101
363 505
992 480
1449 459
38 393
1471 558
511 219
755 479
1438 341
821 29
1452 499
498 120
959 48
1387 695
632 273
411 536
1111 467
473 607
618 38
594 605
1231 270
221 349
222 306
1416 24
1272 227
1028 531
1335 281
51 364
730 259
1300 664
841 329
101 258
1262 41
312 517
235 133
494 462
1364 80
926 173
1270 419
559 472
915 171
1436 497
473 15
539 120
739 483
1028 84
1245 155
1093 247
48 234
215 591
283 136
1201 141
464 628
745 3
148 516
615 628
889 46
527 421
1237 645
1189 600
870 485
1227 369
1018 627
289 498
713 380
1113 566
1026 324
621 267
55 125
1081 266
805 691
1184 477
370 512
325 1
199 653
1085 177
326 51
1137 447
1240 577
175 617
511 131
136 506
275 708
1253 127
1114 635
408 570
839 188
1303 637
629 695
189 61
1110 298
347 282
1190 339
643 482
1151 408
59 598
1176 397
602 158
1234 600
1003 534
1065 414
264 92
1283 56
1286 406
846 361
37 435
900 689
1041 404
1443 720
1143 685
904 387
687 387
684 158
847 169
996 558
639 479
218 119
1192 491
800 285
42 499
584 707
1287 203
173 478
314 685
1159 94
450 507
659 425
842 576
736 699
807 491
442 35
19 601
1333 54
1297 411
550 146
799 244
534 411
610 161
749 568
15 37
826 373
136 574
1451 590
1069 164
682 521
1437 10
953 606
803 408
97 622
916 356
546 73
1167 350
1480 505
232 511
278 51
949 24
956 592
804 530
440 66
561 362
994 76
1071 572
1050 145
778 167
813 597
1014 704
203 167
1358 361
925 439
767 286
1335 641
987 423
390 317
1126 682
860 367
1318 532
1420 508
1469 469
360 481
1223 696
32 717
1284 277
1134 318
185 414
674 434
1262 680
1337 688
1105 483
1208 132
910 130
89 137
7 238
1396 358
200 406
1034 401
307 663
92 401
1423 225
878 72
51 262
632 391
901 641
1223 616
413 474
818 74
900 209
458 515
1067 273
294 316
1371 412
1345 660
890 116
308 247
625 190
734 425
789 11
859 485
1121 59
1444 356
626 712
912 235
1488 31
487 575
250 303
578 456
449 249
475 69
921 572
318 188
1287 73
65 376
1161 632
293 204
599 538
915 8
153 246
1407 218
673 294
148 242
620 493
992 646
1049 670
254 457
816 534
69 414
1139 613
421 14
718 340
64 706
53 228
736 304
585 8
678 322
1430 538
1167 148
822 244
971 474
999 157
1031 121
375 7
1196 418
970 567
1198 87
724 479
351 169
504 376
1095 625
1125 83
1069 702
824 106
1430 46
3 573
172 239
746 464
1060 232
109 243
1396 31
1147 712
896 189
513 32
1358 475
891 69
509 672
212 622
274 77
1149 218
781 181
373 143
25 391
653 377
429 434
264 99
1125 135
944 363
791 521
846 316
1360 254
679 631
1321 72
617 592
940 233
659 410
299 525
364 183
63 452
6 116
657 166
202 64
476 11
121 66
311 603
882 261
344 314
859 668
689 67
275 435
346 361
433 678
110 277
139 631
1337 528
46 316
1054 70
320 321
40 55
209 142
960 218
72 189
665 535
355 381
1078 176
768 485
380 390
820 266
285 505
1213 507
540 338
479 206
1344 165
681 4
1104 552
715 485
1475 667
624 28
408 508
156 405
976 354
1476 355
883 553
600 409
1384 111
580 235
1203 255
157 230
220 415
1047 532
1434 31
203 194
870 587
1217 667
1220 294
517 121
628 619
1307 400
817 108
311 699
1260 230
693 344
293 495
60 235
310 592
894 49
1380 637
245 451
726 130
797 586
242 152
373 323
807 556
14 168
482 121
719 190
230 369
1088 256
967 626
432 242
303 579
738 418
1485 102
367 517
938 345
59 288
1284 23
270 621
935 171
614 667
1359 700
739 74
518 426
1489 455
6 667
693 298
111 461
1004 242
1102 265
1270 237
1135 598
859 294
571 51
375 297
1447 192
797 697
3 252
592 351
1249 354
589 54
189 399
92 405
685 691
390 172
1161 695
1343 339
1190 491
1160 710
856 234
529 90
820 500
66 378
178 679
729 153
417 439
1127 419
399 585
1132 691
369 60
295 502
1341 523
177 185
1152 100
1475 286
1475 51
1258 534
1049 253
1226 102
1134 698
424 94
1085 97
1234 181
788 712
1010 265
724 344
851 326
1387 329
376 472
1217 23
443 14
563 655
402 302
912 319
177 13
713 126
1222 77
922 107
215 392
104 321
400 204
1488 716
298 519
1270 240
115 13
1405 209
960 713
378 342
197 672
162 583
171 22
1436 551
879 79
1494 322
1115 397
602 211
32 404
514 657
34 378
168 159
1306 233
1140 143
409 181
947 613
763 544
1460 679
592 690
198 634
1114 549
839 4
856 720
22 67
506 577
1074 386
153 192
534 646
907 165
538 622
1137 653
1035 71
428 659
412 53
965 606
586 675
818 285
530 308
1361 33
147 425
1290 627
297 408
584 636
741 211
1407 512
798 669
1339 718
149 586
1257 590
866 62
1225 243
712 682
1059 311
465 315
808 74
1465 462
396 469
915 374
1199 440
135 513
1048 362
233 204
791 616
203 682
239 616
776 321
711 541
78 486
1219 595
1121 504
159 183
677 358
1395 85
106 229
1200 190
529 458
454 698
1424 672
36 615
1472 314
613 581
289 126
1035 520
1467 396
1450 88
701 495
572 686
1300 465
1446 39
1046 17
509 646
101 71
707 553
378 669
802 512
140 529
121 361
693 695
825 249
12 51
1451 126
1279 538
329 73
1249 448
1480 528
405 610
223 217
766 61
456 11
132 18
617 675
529 449
791 605
46 715
1365 595
1307 642
1125 526
650 681
1113 174
1142 35
683 142
244 439
1018 480
1205 595
215 570
1470 262
449 324
580 124
830 33
128 19
75 187
1225 458
1263 11
1355 537
1428 479
1338 409
1149 28
1336 592
293 308
398 285
952 707
1144 269
902 651
1299 482
1257 233
60 693
440 522
783 489
1364 601
1365 32
209 242
901 85
502 88
657 115
74 170
140 328
1074 460
600 149
66 469
127 126
1464 98
271 53
796 46
447 669
464 617
693 414
598 85
1120 262
333 456
1376 263
958 269
31 235
28 378
1412 116
546 445
231 325
1039 662
490 19
517 342
37 66
218 315
327 286
1456 358
583 79
367 568
590 433
1230 442
694 58
1316 170
799 654
481 315
428 118
317 692
1496 260
1306 141
545 509
86 303
310 656
1193 557
1352 64
616 193
959 73
459 696
1457 220
1378 41
523 78
452 566
720 148
1422 30
1298 645
211 685
1031 339
554 516
1304 361
1018 182
1435 459
939 183
1000 715
1067 319
1052 341
969 606
1364 100
264 536
114 193
156 167
430 239
1024 616
1274 9
573 342
256 206
466 155
1438 306
401 78
1072 653
440 330
986 563
69 219
1332 65
295 272
498 322
479 46
1030 164
1433 209
381 136
1091 173
913 43
1188 655
1454 22
562 106
1225 247
1084 673
847 295
516 423
860 349
712 187
1421 385
833 525
21 613
332 182
245 668
1283 332
1064 59
1401 421
378 17
464 231
32 105
1149 29
1311 306
1451 345
1134 563
268 514
1234 226
1327 153
1121 464
626 162
643 252
646 385
1319 90
384 513
1045 460
798 389
1218 616
895 553
434 622
1393 557
623 445
122 159
862 620
296 500
150 223
1447 412
5 530
881 639
1044 165
981 382
322 194
1 351
1246 211
916 219
587 35
1275 448
778 240
11 446
698 424
253 162
764 250
1234 405
697 328
1472 377
266 716
819 148
939 661
366 694
1304 428
55 195
833 63
247 373
1243 368
3 528
189 315
351 272
1079 425
209 375
983 100
1442 177
1058 587
233 227
827 512
791 669
222 206
70 24
59 696
393 640
1267 408
671 682
577 389
692 599
1355 1
1336 463
696 477
997 358
1149 602
73 136
867 672
1013 58
488 558
526 568
701 215
701 281
557 575
701 657
1038 576
757 209
390 657
63 625
14 268
602 540
1387 47
1106 621
1079 646
1244 139
1231 655
491 621
151 599
440 569
688 718
543 522
102 484
417 444
171 110
1322 666
450 707
869 17
1299 55
410 560
999 290
1093 319
1070 374
996 215
707 631
846 667
1032 529
1303 347
366 584
530 338
220 634
686 223
1284 22
1495 52
296 338
520 719
110 633
412 159
354 91
409 600
837 308
631 699
1465 20
1418 218
561 468
1142 112
1006 667
1490 536
509 538
519 614
796 612
902 355
78 667
420 134
1464 690
529 19
274 152
297 174
1226 635
178 554
69 144
482 159
1242 507
152 457
934 300
880 570
56 190
56 576
1094 349
149 524
1097 294
997 671
1222 568
1233 203
527 314
230 643
1165 26
545 195
359 596
425 446
1285 316
1390 680
6 383
1428 566
149 386
276 305
1019 320
522 429
313 427
728 438
172 161
190 402
164 101
777 257
357 176
1090 529
682 187
1352 460
483 209
1114 607
1057 551
579 701
1277 344
521 30
1016 184
1131 702
657 567
1356 420
1497 519
1296 476
1476 146
114 587
41 289
1130 200
1422 710
525 612
1305 590
1007 709
1242 667
1184 112
1319 3
1020 696
1379 607
590 637
170 372
1357 108
348 411
70 669
1053 398
1336 558
181 527
513 321
447 162
718 667
1198 378
1069 401
414 200
455 66
944 156
761 623
395 684
191 160
396 332
1351 135
1414 401
572 12
202 22
1409 321
908 420
638 315
521 433
405 686
403 260
599 448
803 653
1192 95
906 492
578 290
135 577
1107 588
423 100
1152 133
1103 245
1431 693
508 431
1067 453
269 570
73 315
576 31
1382 355
809 448
1390 25
529 62
1468 108
1131 158
276 492
827 669
1093 145
51 293
714 5
31 638
706 236
1096 368
227 561
353 401
1211 717
1128 395
1125 439
316 157
371 207
656 7
242 118
257 533
125 251
55 548
954 626
303 95
686 638
634 170
717 416
945 108
139 710
207 715
270 600
960 369
495 165
870 203
750 650
176 716
181 105
462 247
814 20
666 228
142 668
587 277
819 518
1398 550
908 158
777 327
660 584
774 611
1444 558
429 148
1344 397
280 307
698 622
1262 421
516 267
926 67
792 660
1386 196
600 413
249 122
1326 257
964 423
1422 586
320 495
1303 147
1249 427
978 508
911 392
45 556
285 358
822 206
1041 28
450 23
756 700
336 720
1183 174
533 417
689 193
1500 259
1048 719
330 227
850 209
1198 185
1167 610
1248 300
1462 712
1035 206
38 255
647 610
1318 94
1327 289
1289 568
365 675
657 635
266 357
1007 321
1405 82
703 668
1264 606
297 364
136 457
1048 223
464 17
1149 343
1182 51
1423 547
1144 141
1336 358
1408 88
1134 289
406 233
811 544
676 574
818 559
1111 13
1282 77
902 318
478 417
958 542
299 96
1142 24
156 641
593 365
551 719
1452 558
1288 569
965 685
167 274
1205 103
212 62
173 92
934 322
1272 644
838 283
45 5
765 205
632 591
1081 100
89 442
719 616
820 175
378 270
952 611
1303 560
295 600
1369 548
1436 475
80 161
711 434
83 63
356 461
906 545
1263 501
354 179
1055 486
868 444
1011 100
1268 651
757 3
946 600
700 306
1330 460
805 51
671 575
167 475
943 711
1070 529
648 644
890 720
291 246
835 682
933 665
792 592
1377 432
1078 485
196 117
425 615
523 493
852 52
773 432
507 117
632 200
657 709
639 20
1342 226
1378 294
1349 404
587 265
478 544
158 113
732 103
222 610
687 83
1358 451
730 355
847 400
52 334
866 720
504 702
795 608
40 449
297 288
1086 99
1115 422
688 112
37 28
80 488
168 245
1454 366
1492 101
1423 156
1231 3
1454 289
1154 355
1433 690
749 662
1364 165
752 705
741 719
724 424
780 372
372 21
1447 391
674 603
1462 396
624 23
445 605
1119 677
127 87
184 86
906 274
1464 16
1298 162
1294 169
1113 689
1409 67
936 640
635 650
436 518
1437 368
753 34
14 343
583 2
476 705
904 595
475 101
1043 244
62 469
749 586
1025 668
177 720
981 475
147 671
269 91
1382 216
548 260
360 503
336 417
700 173
315 621
725 189
528 616
372 47
1500 610
602 32
856 507
595 60
185 412
918 290
214 23
173 224
195 175
38 376
22 604
923 682
137 234
721 541
582 129
824 322
1326 381
501 214
1238 52
581 474
1303 691
1468 253
859 68
1371 657
389 142
666 718
1278 1
737 403
131 29
106 554
166 204
478 27
632 67
1487 680
1493 711
1059 480
286 645
273 444
492 87
518 315
656 654
743 380
1157 253
446 421
537 591
1315 192
596 181
643 618
45 36
967 134
784 259
202 267
620 663
477 683
710 595
559 297
683 256
1223 262
761 420
129 401
778 696
175 34
602 577
86 75
12 115
283 314
165 190
909 636
175 205
689 165
31 149
155 283
1127 498
1495 278
50 228
926 658
17 82
942 682
164 431
499 574
623 144
370 505
848 624
73 601
368 292
926 116
1466 206
344 540
309 105
520 120
1007 393
775 158
891 550
653 157
335 661
440 376
1107 709
406 686
88 524
1059 310
749 603
340 486
1011 115
131 614
855 581
208 284
434 645
227 424
789 660
1120 198
127 320
370 434
960 321
812 55
1125 232
672 76
110 20
227 57
1299 605
770 567
421 706
1265 692
245 648
563 422
684 242
1328 56
1222 119
433 390
1010 536
1237 73
1152 422
11 355
907 171
1461 91
1119 354
1346 514
443 252
1245 507
574 200
1300 641
1122 444
500 170
10 202
1122 80
450 546
1427 341
931 42
1261 156
370 653
104 13
422 715
321 589
619 161
242 225
922 563
442 652
528 687
1120 127
1132 590
928 412
364 580
1472 105
474 554
1060 252
1021 474
82 610
1462 537
1248 719
1144 424
290 342
1051 468
203 255
446 554
181 645
1450 269
665 357
912 442
612 185
504 420
407 386
362 60
1003 720
119 156
1320 167
1275 417
1298 346
1025 617
800 652
1133 397
682 188
1365 100
1058 55
939 628
513 368
1020 394
968 179
1270 617
1134 108
466 409
260 718
94 12
1028 98
1464 121
1126 708
179 352
102 529
1079 71
501 108
6 227
261 56
184 373
502 230
514 646
885 168
1381 235
1090 362
621 162
147 611
448 564
179 475
693 79
1303 149
68 282
290 592
739 294
584 678
417 652
624 3
221 697
1406 631
698 573
703 482
468 21
101 608
90 634
497 410
893 553
577 130
711 697
177 511
310 21
583 446
1226 105
1416 472
1138 213
534 382
681 263
910 473
472 502
412 376
834 536
293 59
426 695
1247 355
122 608
647 321
944 184
590 235
538 146
1148 175
1281 541
70 409
440 612
1077 104
1415 327
1129 110
367 587
744 342
1462 325
975 249
797 392
515 453
1188 415
1455 140
741 424
934 663
677 706
933 425
511 533
1444 351
651 98
1076 40
1390 687
104 556
1342 272
310 52
182 519
37 30
669 148
447 200
54 112
1378 166
893 274
1373 32
446 156
1192 388
748 308
1442 592
290 600
294 278
397 307
890 703
890 603
492 366
1157 202
1321 8
1166 457
609 41
196 675
262 473
361 255
1385 447
259 593
1329 143
1060 653
943 25
341 526
913 696
1026 224
1227 113
504 355
1314 178
794 39
160 265
549 449
600 476
386 430
1486 485
886 431
1455 113
810 69
1051 447
460 235
699 382
377 655
779 146
765 66
318 694
640 38
392 521
463 578
723 11
748 73
924 405
76 138
172 85
759 135
1077 239
820 10
1433 553
1362 110
591 301
211 444
204 680
340 719
626 203
746 72
325 296
1271 412
364 513
1205 338
1267 80
209 404
1457 253
829 557
30 386
474 85
331 47
597 408
531 648
865 656
1063 455
1470 616
760 82
1022 142
974 136
1271 396
910 490
563 197
577 541
833 234
303 290
1474 715
600 482
636 654
821 362
585 189
526 68
471 697
1104 306
1123 207
421 578
110 688
602 374
536 340
568 425
479 182
968 263
486 626
550 37
664 156
412 233
580 175
496 318
230 130
1214 602
544 659
391 354
1470 570
24 641
222 616
1218 666
1045 539
428 232
1337 514
373 376
1228 532
642 503
54 285
1257 294
488 170
609 476
739 364
343 555
756 154
911 222
552 119
1096 277
231 605
779 199
700 348
829 591
1323 655
87 578
1360 215
73 170
5 111
1394 244
426 591
1277 577
939 337
473 401
203 438
519 207
434 315
1065 327
94 660
1132 5
875 123
262 473
403 125
19 58
118 386
654 354
1477 419
869 566
1451 646
7 221
1046 232
1228 59
1315 174
1194 570
584 63
932 64
933 89
1125 696
1091 717
1301 138
1456 709
206 587
1287 699
99 221
362 389
1353 436
604 479
819 599
1027 474
1163 227
181 160
1105 354
334 219
30 121
555 494
714 257
727 107
299 211
113 393
237 72
371 352
260 703
1185 73
1115 76
751 121
923 80
769 266
345 511
358 608
859 215
684 677
686 203
112 10
675 386
54 578
948 381
581 561
902 467
1278 187
1174 187
446 592
383 155
652 696
862 126
1213 159
726 306
568 328
175 310
465 234
1189 32
670 398
1044 532
367 367
151 544
957 276
722 125
1128 121
576 281
395 127
272 260
1478 537
377 313
246 288
1110 484
1286 655
1488 518
257 521
370 215
1037 414
548 119
1158 457
228 700
74 264
291 339
376 277
834 243
1469 570
775 672
1241 678
51 259
307 711
79 232
519 490
626 373
554 179
259 47
986 266
454 651
1143 210
1446 96
1223 677
1222 595
1349 143
434 573
996 710
990 68
632 456
169 615
107 700
1129 608
1065 699
951 598
1377 404
534 664
1055 623
659 16
981 601
309 449
1424 618
867 389
262 175
458 201
1134 691
775 227
533 489
527 644
287 321
1361 57
1052 131
1060 264
1494 360
1035 405
945 548
1129 333
197 604
1381 122
657 21
1274 333
1411 79
123 502
56 306
934 594
602 187
996 427
950 144
1082 485
137 150
361 546
357 452
64 600
149 491
571 243
316 76
42 714
1334 444
922 587
303 425
1076 683
279 581
1068 451
459 716
766 684
295 459
998 160
622 89
8 358
434 136
973 477
230 609
1119 142
937 408
796 282
70 562
777 574
177 677
587 570
1071 64
727 236
716 410
1225 275
690 549
214 673
822 661
1093 457
522 322
1077 282
202 256
835 630
1210 605
983 397
599 695
215 550
964 497
37 217
44 50
1074 408
1319 61
1102 569
930 407
1222 436
293 232
539 492
777 344
145 30
898 321
931 228
450 238
329 682
558 444
1029 7
1085 489
1232 4
1480 308
251 142
199 423
726 408
165 366
1107 89
40 494
1289 81
542 455
676 618
807 228
229 391
1340 286
247 550
148 591
540 269
905 459
603 346
561 315
1380 624
40 190
577 354
895 18
777 253
1472 295
1192 259
772 197
464 74
303 422
457 387
958 148
1398 262
287 553
38 229
705 274
1063 32
705 85
38 246
526 316
72 106
301 69
847 324
726 171
320 497
1227 151
1166 301
795 163
1264 468
64 322
37 269
1097 163
721 339
581 443
133 66
1341 120
124 25
1196 112
37 194
254 80
1378 228
659 531
271 232
6 416
637 363
750 344
1174 222
889 550
822 280
314 436
966 248
286 164
1044 673
1222 31
25 120
1436 74
914 543
1087 186
31 172
465 259
1130 695
1492 604
1084 392
322 435
315 351
997 476
452 519
1198 665
1374 703
958 260
68 624
1406 189
960 232
102 43
1295 189
298 314
31 702
981 28
1426 505
854 53
66 526
905 361
797 720
1452 718
1146 119
1193 332
1072 393
526 604
1133 108
1008 675
62 56
405 238
1147 1
1387 344
17 85
994 81
544 325
517 178
1188 80
334 606
1376 453
958 433
282 332
474 689
1238 43
1344 490
729 108
1270 374
1448 174
838 265
1274 264
856 203
256 349
1048 217
1289 453
628 5
1101 525
498 405
615 383
192 639
368 387
419 635
481 200
709 561
460 709
1370 465
1487 558
19 67
1341 120
1131 364
519 94
79 662
964 185
71 249
1134 524
40 470
1412 89
341 158
1210 646
1346 207
1081 114
1362 705
67 35
808 404
987 63
200 150
10 453
1271 171
1190 530
1120 377
1148 130
1388 97
1361 623
266 662
21 250
411 638
767 539
1477 516
235 55
738 554
1328 110
903 613
801 649
644 634
1018 354
64 393
660 531
1071 170
762 659
853 417
1314 448
1210 609
403 282
1242 311
1103 244
517 466
56 687
594 189
497 498
1347 453
417 443
508 365
123 153
1023 259
1286 591
753 117
868 245
354 460
873 113
761 224
665 690
131 541
725 655
1442 706
67 350
133 323
16 686
401 598
435 614
1173 25
261 446
605 508
354 421
1195 93
1243 397
191 364
1152 324
1090 367
970 477
1021 136
1198 207
990 654
934 439
1198 289
124 558
913 692
632 342
705 193
713 185
1329 562
314 430
770 575
589 299
879 263
1192 614
944 574
214 449
317 29
192 128
1329 541
721 320
1030 227
918 130
1274 114
875 277
29 275
1392 50
518 466
227 488
205 177
579 572
1036 661
77 288
61 12
950 518
160 77
1389 482
441 477
774 682
1397 441
649 428
685 667
66 389
1279 323
1473 605
894 301
980 632
631 91
1058 8
877 641
64 51
689 567
123 677
876 564
1138 380
950 303
670 224
527 402
427 486
1266 243
1076 583
81 356
647 218
760 697
537 298
835 271
628 521
67 629
911 559
397 273
69 148
1105 612
230 254
382 347
83 228
329 249
848 86
902 364
1068 291
1177 224
608 499
79 28
68 84
1045 302
910 205
900 588
1051 440
20 588
556 330
1182 718
654 466
640 308
942 226
1387 707
103 547
1402 493
536 112
1072 13
46 693
1014 295
106 688
224 108
426 379
274 639
329 71
829 713
612 184
629 681
903 152
759 269
1231 156
1162 239
305 383
1216 706
110 669
951 521
1328 170
37 247
985 542
165 699
1491 535
348 527
522 117
156 296
72 153
485 189
624 595
1277 63
234 53
956 11
20 241
592 22
216 23
757 720
467 39
121 571
1406 43
277 104
1349 560
739 526
352 292
1132 705
1300 3
1420 385
52 150
256 392
601 663
877 706
1139 536
537 109
1302 539
496 377
903 372
1101 133
703 546
780 338
53 675
563 369
135 396
778 202
201 434
496 69
1176 409
736 461
1433 27
529 711
320 284
3 504
591 261
821 435
441 159
486 499
589 356
967 642
1381 485
572 250
967 462
1456 447
68 182
258 516
700 603
663 514
86 713
1432 128
136 222
732 451
1445 145
1294 3
132 6
424 705
447 113
1257 718
292 313
924 374
650 17
718 43
851 714
342 607
1278 455
1271 568
1106 242
121 40
1037 395
530 263
264 339
132 509
1197 21
352 336
1114 427
966 489
249 632
1065 437
749 226
395 436
1070 327
1466 63
361 105
753 563
1047 304
1305 561
521 316
1281 309
933 326
1165 75
679 375
341 700
462 464
639 530
1304 182
1331 92
481 373
565 446
1242 319
939 144
1377 574
595 552
1260 204
1296 351
362 709
1044 335
404 11
525 699
1336 254
1389 269
389 525
330 434
413 438
531 524
1429 472
1054 250
1438 384
963 386
1266 363
1120 520
773 455
751 432
1310 605
1108 595
100 457
417 212
1304 613
1194 99
1465 678
848 95
407 278
1435 84
768 52
293 704
1342 423
1178 649
496 649
427 39
1303 494
160 488
1040 397
961 689
705 146
1068 472
247 29
660 620
1022 487
302 317
1434 570
1297 153
325 529
386 76
