304
26 1323
13 1963
49 8402
26 2311
44 2522
8 9139
12 7564
36 4477
48 533
35 9502
4 8788
43 5222
37 5405
23 9402
14 3204
28 5159
44 9688
47 1688
33 7785
6 1670
50 1888
38 2723
17 6686
25 2021
22 6398
24 2379
4 1281
22 9398
47 1294
46 8585
43 900
14 1775
14 7283
11 8270
14 8482
36 7778
12 5542
9 2797
19 7142
13 8554
20 4821
15 7816
24 740
30 3628
32 4449
33 7634
30 3983
10 2855
19 9299
23 9365
21 7447
27 3599
31 614
11 6902
33 3260
32 4675
3 1106
23 5700
21 7285
22 3257
28 9737
7 6559
3 6137
22 401
23 6477
3 1959
28 5797
44 2291
41 3002
30 8596
26 7422
36 8152
28 6601
1 9926
17 1733
39 6409
7 7084
3 1840
1 7185
39 7404
30 8103
4 1180
19 8021
43 32
38 5401
28 8096
39 7319
8 3705
6 7012
47 8258
46 1348
13 8223
31 285
13 7850
18 7924
12 3071
48 1669
26 6485
41 2396
20 405
32 7352
27 1807
24 9053
43 8081
43 3470
24 4191
22 8822
27 1676
46 8954
26 8487
47 4891
4 6157
34 4975
9 8302
42 6235
44 9816
21 887
31 2941
48 8903
13 7762
28 6875
44 7196
48 4354
29 7121
25 1156
41 4751
41 2226
45 567
48 7265
19 4697
22 2290
23 9092
30 7376
17 8304
46 4251
17 8041
37 4898
42 1124
5 5243
21 3741
14 5204
47 931
18 9608
41 8310
15 4291
13 6188
15 5042
4 4649
41 6154
26 6876
27 6750
13 536
11 2952
20 5681
48 4866
26 2491
37 508
15 5637
16 9061
25 975
20 194
28 8630
14 5376
21 5148
24 8383
22 8814
49 4518
47 686
22 1206
20 9855
40 947
6 8356
18 6931
50 1792
34 642
10 8559
12 462
15 7563
44 6401
17 372
36 1998
26 9156
37 3657
4 710
6 1318
30 4756
30 6460
16 9552
29 7576
39 1920
39 7357
44 7786
5 3841
18 4702
14 4796
2 6561
11 3476
29 4373
12 2650
48 2047
31 122
8 5722
10 7182
8 2709
36 7551
1 2646
15 5032
43 6901
14 8188
36 7008
31 5199
38 8079
40 5211
30 298
26 9363
13 1418
6 5712
4 7919
22 4243
14 5015
10 1213
36 3079
49 1293
30 9798
28 4549
12 9616
13 6791
8 2852
11 7565
39 1140
37 1711
8 3226
16 3374
7 3639
26 3624
41 1945
25 1774
1 9468
8 2269
50 9319
6 7300
3 653
47 6723
42 8527
29 4051
11 8592
14 1540
1 6532
5 5714
45 6177
28 2407
33 6485
14 4689
27 4016
49 4777
6 7673
37 754
17 4724
48 1079
47 6128
15 9558
11 1074
33 2940
20 6588
15 5505
10 7856
6 5445
14 1638
39 5288
25 4325
43 9514
35 9493
6 4246
3 1775
23 5541
11 802
4 8190
28 8531
33 7849
28 7418
35 2598
3 8946
35 4068
47 2803
50 1861
3 8893
16 835
47 8844
19 6260
46 1029
26 1631
4 3771
20 4692
46 1186
42 8788
36 1247
43 7991
6 1019
1 686
14 2417
45 2561
4 6786
16 3904
6 1264
3000
306 280
281 301
616 119
1094 161
929 66
471 92
496 63
1407 194
107 13
1272 91
489 42
940 166
10 169
283 4
313 75
158 5
1399 155
93 8
1437 179
1090 29
256 119
66 107
182 211
451 57
1375 195
243 177
140 204
288 94
389 187
1368 33
1079 22
1031 113
1237 213
374 206
412 230
208 138
331 198
340 301
230 250
1094 237
592 152
544 184
1499 240
272 266
534 234
1013 213
815 226
982 245
542 194
148 279
885 104
338 54
359 233
744 254
762 179
58 109
1235 56
382 261
1397 44
1258 12
1157 106
451 98
65 265
271 116
889 259
725 20
1447 206
1375 134
361 130
848 212
777 168
87 18
227 34
1077 229
393 243
159 302
409 15
1260 77
266 13
1118 28
270 18
933 112
627 89
565 164
5 143
414 207
1353 257
1166 191
1250 157
504 290
1230 197
242 119
788 95
181 198
625 9
885 100
831 217
364 209
264 160
251 158
1447 139
1085 253
996 285
651 302
440 101
1224 178
1109 223
1335 110
1361 267
779 86
496 271
586 234
805 220
692 130
643 125
904 234
1306 144
698 272
159 147
1318 21
330 173
1380 152
292 10
240 24
1156 121
845 182
211 95
876 152
565 29
589 285
340 69
678 242
576 284
399 87
1462 189
49 243
1075 83
581 167
1464 258
159 244
292 104
441 287
983 33
959 217
827 159
594 287
1367 157
881 269
261 300
599 110
1161 36
1253 257
976 124
499 157
170 76
1070 13
628 161
1332 227
867 244
1314 130
173 222
921 47
1294 38
764 239
1077 290
1398 84
134 200
1082 205
304 272
763 110
192 160
266 99
1312 32
675 101
1149 294
1145 33
1458 21
230 195
236 9
1443 65
132 121
1169 99
283 276
398 42
304 20
215 283
587 256
190 109
435 232
357 57
1359 110
1357 110
691 280
1159 169
556 299
1140 144
993 47
1182 159
18 284
407 211
1049 98
1144 49
84 186
1012 54
725 115
1083 274
946 304
271 228
1072 78
1327 71
1033 44
32 252
1208 166
1172 200
1051 199
1043 67
558 286
1016 171
924 296
687 92
1373 269
1030 129
88 19
881 191
806 243
586 126
1249 149
712 217
1482 287
842 53
114 128
1145 121
1433 62
1438 172
687 279
646 255
1445 171
1327 63
1012 129
340 292
735 123
1012 212
1248 76
1469 294
1315 17
521 124
103 216
495 85
1121 58
202 300
819 297
73 62
153 2
679 65
650 126
1424 138
862 144
1321 260
1262 124
1271 32
1317 79
1303 6
1407 186
968 206
1242 127
1192 187
1141 93
1327 265
1079 49
301 161
960 122
752 195
472 160
319 273
1065 224
834 159
1477 107
178 39
958 250
1402 300
840 102
598 198
1126 252
1046 111
1071 279
572 280
472 240
552 186
1010 161
384 250
271 246
958 254
144 135
249 13
484 262
679 23
469 25
518 20
499 117
1261 304
325 46
984 71
1230 46
765 156
289 39
987 289
245 254
466 183
528 232
1420 241
1322 160
44 132
1134 206
93 134
579 37
148 112
1006 156
29 229
1457 82
737 240
969 194
1480 205
645 101
310 201
352 195
162 56
839 21
1008 218
12 181
387 294
1141 99
622 68
247 203
1085 106
548 84
111 294
249 274
806 225
815 107
1026 196
1302 110
483 134
769 13
1285 4
211 133
151 111
706 165
146 212
442 87
1368 256
267 154
676 155
749 293
505 129
373 115
353 215
752 260
508 125
838 234
20 159
669 303
7 145
249 25
496 9
1132 206
550 288
659 86
960 77
1178 129
525 74
336 81
328 247
1357 184
971 229
394 45
171 133
351 214
41 7
570 236
335 58
1153 179
12 33
110 192
1121 121
382 207
1472 64
204 53
1035 206
207 112
1473 166
1357 173
519 293
1132 264
580 22
1442 195
1257 52
651 269
47 121
1397 244
378 162
860 122
497 46
90 22
1253 154
41 295
552 83
310 133
252 77
1171 233
867 202
984 12
939 105
658 103
889 89
1144 149
571 204
317 3
886 155
1230 36
479 256
30 170
768 144
145 90
373 131
1479 117
61 244
256 191
554 49
1220 249
1356 266
1046 226
483 91
12 78
913 4
399 202
914 170
42 297
1251 33
671 275
662 295
169 272
718 26
955 142
1491 174
1007 125
604 73
649 160
1303 59
1324 108
988 249
36 116
506 182
1090 93
272 66
817 266
529 200
1096 141
1117 239
559 86
776 174
1125 3
576 137
470 212
1153 7
1126 94
1133 18
436 224
98 164
1042 218
844 169
1438 130
1087 68
595 55
1168 303
2 3
70 246
777 272
1266 16
618 174
822 77
1087 259
1295 110
659 169
621 276
1484 81
202 263
918 181
684 195
1443 162
1215 299
427 199
1487 193
1430 220
1068 182
38 90
1391 289
438 4
1228 214
1435 41
1017 200
1088 56
75 110
216 62
653 96
747 283
389 241
705 63
23 153
1212 129
332 173
398 63
697 148
487 288
23 12
704 89
1021 249
1104 12
1111 173
508 190
1367 14
1140 203
946 153
218 283
1459 278
1250 230
1145 74
1451 297
34 161
282 2
364 66
1361 252
1412 52
586 9
674 105
1489 231
473 124
67 30
278 109
690 34
1187 180
1046 123
8 97
692 126
221 12
1058 247
1200 214
1388 290
869 137
1494 140
796 142
53 24
494 251
1004 249
884 262
361 127
1330 237
275 190
1197 25
370 157
79 256
410 194
525 290
316 94
222 158
489 18
1119 256
763 130
466 199
1395 21
1188 56
1381 260
589 120
50 294
1132 266
24 286
840 51
78 123
560 146
1020 257
1062 85
1285 270
179 282
813 281
903 75
319 184
1470 157
66 303
709 73
1425 11
12 272
587 157
1360 94
1278 196
486 212
950 227
1058 48
453 180
493 80
1456 63
732 1
161 151
342 56
646 234
922 174
219 5
872 62
1026 149
214 81
955 243
817 126
319 120
1254 189
1227 221
1105 109
94 39
380 139
137 281
1348 186
173 72
1353 106
1170 293
744 134
23 194
526 231
706 79
537 102
180 50
1157 170
131 164
133 4
1194 189
332 235
1116 176
1188 38
512 239
420 289
730 278
256 175
540 154
190 195
989 198
108 248
432 130
1170 132
1314 232
1402 263
1067 271
354 114
793 75
1454 184
851 97
312 152
1286 46
855 101
409 182
246 147
425 112
873 186
69 113
1477 61
299 276
530 129
1113 239
50 2
969 51
935 106
165 251
773 143
17 257
687 7
228 68
713 85
338 182
1369 120
669 150
37 46
1457 290
67 232
459 70
1442 79
452 49
1228 87
1489 233
918 215
1139 11
916 34
1330 163
183 137
678 247
385 24
694 271
464 265
1185 95
303 53
1386 209
943 246
205 256
709 248
1396 232
1399 277
180 74
1251 41
425 250
865 239
583 247
370 109
594 28
473 188
643 252
1377 232
155 187
278 58
200 161
1257 197
1129 100
478 55
378 56
998 302
1454 217
459 262
123 237
1395 5
221 62
1115 180
391 38
1328 97
751 26
1388 10
921 191
234 211
247 38
716 193
295 17
673 207
416 81
860 132
589 250
689 50
1133 275
100 217
446 31
1135 103
303 25
1354 78
92 33
1295 302
78 161
301 80
992 211
1165 242
1454 110
1351 273
141 191
647 30
571 50
1485 304
1104 141
470 121
1462 244
847 147
1293 268
1106 75
536 165
1339 218
497 240
559 120
620 279
916 255
472 293
69 60
1355 190
610 229
1179 260
1340 20
629 149
416 183
192 220
99 192
388 214
1319 221
687 232
536 137
1445 196
644 16
1206 35
342 137
287 114
351 137
695 63
1272 53
534 142
749 227
526 192
1377 33
81 213
1403 179
724 234
1149 90
845 142
600 301
750 105
25 2
788 149
668 11
1266 86
795 181
399 76
696 297
1057 37
883 159
1404 37
365 304
686 134
886 246
1106 296
1145 79
470 165
469 230
351 167
340 87
373 130
496 106
346 105
504 153
244 251
940 278
649 259
981 296
868 161
484 255
204 16
453 53
620 136
863 217
1170 100
552 147
1008 133
285 8
1283 165
820 191
397 272
1039 10
1117 201
1167 87
1312 195
67 126
44 225
368 121
1301 271
81 64
891 132
157 238
131 8
876 244
1308 44
838 226
768 167
1167 70
1302 94
272 89
1040 128
1155 199
1362 205
1369 192
696 204
684 212
1008 173
898 96
265 179
1469 271
34 208
744 157
765 176
284 62
865 283
804 169
787 205
1396 126
277 292
1339 133
1372 231
1234 28
827 45
224 223
731 96
1049 6
1090 65
1473 270
830 110
112 237
487 63
126 88
156 281
1378 127
982 82
465 167
121 6
1275 127
451 68
204 152
1290 82
1069 235
1414 264
1211 20
427 208
866 234
1470 106
442 99
1006 229
747 215
759 155
351 182
1358 242
877 86
852 292
1121 91
784 105
490 224
1326 259
1061 51
247 287
998 93
1209 49
1178 50
1337 181
990 23
750 27
201 201
1391 86
722 261
690 112
336 57
195 120
476 116
422 28
78 221
1489 116
474 261
587 69
146 138
1489 206
742 108
164 45
1388 201
852 18
936 293
405 184
1161 6
247 275
1471 60
524 225
351 277
394 165
563 23
869 260
1238 111
397 272
521 208
653 67
548 247
768 176
17 276
647 173
672 288
524 108
687 232
1403 189
664 164
467 237
973 278
188 18
187 136
897 122
309 192
1051 250
973 54
22 141
224 71
1228 115
102 279
658 53
1116 51
997 166
119 68
911 43
456 285
266 281
83 79
1412 22
682 190
199 48
876 64
223 66
1271 247
1237 283
1376 126
1022 125
400 38
1426 118
91 290
580 136
1179 43
1068 56
293 45
411 24
1068 5
956 108
1379 199
8 129
1253 280
263 79
70 220
18 51
1185 207
778 63
1092 161
1317 18
245 119
1446 72
924 118
851 96
1305 271
538 81
9 238
862 11
1071 52
297 273
475 144
1080 27
1158 171
374 122
1177 111
847 188
1449 14
1133 41
610 190
1042 16
24 298
867 41
848 190
178 83
482 248
1278 88
381 208
1183 51
844 133
868 68
220 287
159 92
1486 97
260 142
1228 199
921 214
409 284
796 207
1162 204
1253 88
793 230
760 269
1349 54
488 7
193 127
317 231
425 249
287 297
815 34
1402 4
105 128
390 226
759 71
520 57
286 71
698 272
633 127
803 187
868 282
390 95
61 109
94 250
723 114
1007 86
326 7
727 157
641 216
387 157
315 231
224 132
1006 12
194 135
625 205
822 255
248 161
950 187
1059 50
725 58
1261 217
1318 37
1268 246
1461 297
272 255
913 48
1269 184
1464 156
510 11
404 252
1166 44
654 106
1382 19
1105 69
1348 35
792 33
1091 202
660 92
363 271
1477 50
310 129
587 90
619 46
449 276
1422 147
672 1
401 214
54 108
1085 121
559 301
1071 190
1479 241
1361 211
1384 96
619 49
608 117
1053 178
455 3
132 243
1403 50
1 146
1470 238
998 162
210 208
526 27
1395 256
257 141
1430 202
728 109
165 56
1210 162
873 253
164 113
1327 68
730 133
621 199
663 142
699 68
969 300
672 76
197 170
452 295
420 296
393 112
660 119
500 161
273 132
1038 265
930 149
126 156
1274 67
77 210
470 233
1057 53
76 196
1349 166
877 276
53 68
1497 16
1153 224
356 74
392 173
981 140
756 277
389 278
690 54
1165 38
1364 73
119 197
802 67
144 68
1411 263
975 75
658 240
319 179
696 76
1021 156
1328 174
358 64
162 34
903 54
273 92
766 224
508 224
1088 278
554 301
944 116
478 195
866 195
621 270
1341 196
558 60
1461 277
402 152
150 219
291 248
618 299
33 163
354 180
25 67
826 295
816 75
710 145
474 283
1015 31
1154 51
165 120
580 302
175 257
368 72
1486 177
907 206
84 226
733 127
867 42
516 283
885 191
32 155
185 99
562 64
957 52
1033 278
1274 150
512 43
657 291
749 186
861 150
623 135
539 154
47 121
308 18
1041 176
207 140
1395 163
975 252
420 114
1306 188
641 254
1189 173
1360 199
283 132
1306 46
1348 81
1072 79
875 159
304 78
891 11
192 148
866 60
209 149
687 122
1038 141
927 104
842 105
1357 113
945 107
639 180
332 282
452 241
1015 30
1178 24
717 278
655 232
897 45
386 34
42 303
637 248
810 295
1424 233
1023 108
256 304
881 65
830 261
1434 263
694 29
779 166
1200 210
475 48
155 14
918 142
1485 94
3 181
565 87
200 297
122 214
1226 29
1015 106
1402 144
109 44
587 33
206 262
226 74
613 237
887 279
475 18
744 72
1163 27
728 2
817 240
656 85
581 209
828 174
1062 16
921 251
391 300
1158 24
1397 169
1324 52
1037 243
437 251
65 267
1361 184
623 257
48 80
186 16
1174 125
1121 47
545 54
1137 172
799 263
864 11
689 93
620 233
224 285
939 108
481 98
512 33
1310 206
1023 33
1361 204
798 279
1188 128
778 262
645 280
1208 26
1287 106
806 255
1293 128
40 174
965 5
52 84
202 11
2 237
537 62
870 285
417 204
350 104
1192 278
332 158
1205 267
1175 194
449 65
1268 137
843 195
449 42
1414 196
551 301
1112 104
1210 166
980 36
1314 298
1386 298
1430 8
1451 106
681 140
282 253
143 195
234 267
575 5
250 266
824 52
339 35
1181 126
870 110
1218 24
1403 35
1022 214
881 81
148 76
84 291
1492 190
194 22
277 189
1199 278
548 47
304 158
38 254
235 113
464 203
21 135
190 3
1211 128
812 6
505 194
128 112
634 273
323 290
446 255
1286 273
800 285
383 282
829 123
601 92
1342 146
12 223
778 233
657 257
84 121
142 288
686 92
1356 100
1372 197
886 83
32 231
331 237
854 187
58 85
1474 74
618 240
942 165
459 262
396 92
270 129
304 135
420 47
298 81
782 10
1271 209
962 128
1215 216
72 243
246 79
1080 265
1017 186
1312 300
895 238
1263 43
363 148
1376 145
122 287
1322 65
84 148
579 301
162 277
1195 110
1150 271
1162 271
322 120
461 164
1136 3
511 139
282 73
282 48
1459 296
338 10
948 4
700 209
509 143
1265 239
1299 42
156 177
1104 282
114 126
1434 170
1203 95
1369 229
420 106
850 181
1407 33
315 205
990 119
477 295
229 245
1373 266
710 255
1306 297
110 297
655 274
1361 296
1144 97
1365 34
815 61
308 221
618 213
100 69
548 241
386 95
453 200
1108 212
901 150
53 267
56 110
1206 153
1278 120
310 139
319 248
191 301
1158 283
669 296
251 81
480 269
1486 250
1217 11
158 272
439 248
613 15
239 43
1171 3
142 19
892 39
75 222
102 2
1224 276
566 69
388 177
1071 29
1031 131
533 96
75 147
1472 274
127 294
879 6
731 70
1127 6
349 81
1359 86
58 109
771 141
152 245
876 217
41 304
413 83
431 18
1119 48
691 111
522 74
301 22
1381 105
1388 300
1440 32
863 128
123 278
691 266
1032 34
1128 203
532 203
627 130
1381 85
521 293
732 110
1004 267
195 138
864 232
1173 2
264 169
1270 296
615 220
985 212
746 144
1017 117
812 166
1318 12
22 224
131 191
862 194
1242 187
11 280
1425 188
290 3
8 32
1053 169
177 188
1460 162
191 64
594 220
152 243
1476 108
492 2
1228 272
534 231
750 198
1070 52
1339 238
14 58
195 15
13 11
820 186
230 2
692 274
1170 176
764 232
1494 30
1018 40
674 68
1274 183
1356 144
29 136
847 237
750 222
502 204
1113 114
1318 125
521 108
229 55
697 290
1123 255
260 301
1108 86
128 161
135 170
1411 72
959 293
1170 184
55 125
740 46
265 293
1033 227
1424 300
118 143
1024 169
983 161
1319 151
199 292
50 24
985 50
1125 84
690 160
220 90
371 11
79 276
154 177
15 196
1228 181
331 198
1007 126
159 167
1361 112
1455 3
108 60
4 232
936 101
544 3
401 3
286 154
876 40
740 161
211 127
1094 298
546 2
227 280
112 276
463 61
952 83
710 83
95 39
712 268
1221 181
1210 285
1170 160
374 276
329 162
273 291
1384 219
1227 280
501 148
1463 174
929 202
1132 214
319 176
1484 62
253 130
899 304
1201 193
795 128
663 189
155 235
1101 82
869 33
995 27
136 12
1389 233
62 166
1186 184
1366 189
461 135
826 181
393 267
1410 167
897 61
1228 237
318 134
1297 206
427 189
1439 66
737 265
661 10
117 222
931 171
943 187
875 96
1008 67
173 277
500 200
851 203
1400 244
184 55
589 85
500 214
914 206
64 13
1374 18
1308 288
315 69
415 199
876 149
1223 302
290 158
253 248
665 77
133 279
1052 256
370 66
1410 73
974 8
804 51
1190 212
940 194
772 172
206 193
1034 158
1268 251
1346 27
75 168
1437 136
1313 245
1060 73
818 300
304 103
1255 130
1228 227
532 55
1087 224
489 89
51 275
1009 13
1085 107
1174 259
925 117
474 235
1071 20
720 132
245 2
1041 193
92 7
1427 126
1009 304
238 119
174 69
602 2
977 66
500 4
268 216
697 170
431 199
1176 136
73 275
202 295
1252 105
1352 230
315 228
284 149
574 86
1411 115
94 216
212 146
321 71
1467 145
648 270
118 274
75 52
1025 175
493 22
828 204
1493 273
329 171
332 135
451 65
1008 136
489 79
23 29
211 246
1273 145
832 204
1142 260
944 39
1016 198
1057 153
889 257
361 255
365 108
346 268
977 212
747 213
585 211
1211 260
47 119
1270 110
649 74
6 57
839 72
137 189
664 181
1294 209
1322 291
1458 301
1336 148
429 237
984 102
1289 268
489 262
1226 247
1454 122
1030 40
1021 101
1389 212
558 108
756 112
1333 226
1126 246
1454 270
1414 104
767 53
816 168
1363 207
1297 299
1350 23
559 258
235 156
2 275
746 51
870 265
1373 110
1154 104
1409 184
1143 27
414 227
640 192
197 287
45 9
1006 194
659 263
286 241
798 43
1142 230
591 263
187 199
515 137
209 272
489 195
138 190
36 162
660 239
1224 275
206 300
482 203
325 128
1059 46
333 188
665 210
1020 169
576 295
225 244
840 12
131 144
258 102
363 103
239 303
988 122
798 61
18 44
776 132
1307 183
166 296
262 5
231 218
246 139
925 74
701 134
15 85
1236 270
36 218
789 242
253 192
98 29
278 96
583 56
863 58
1192 40
1016 192
578 252
1432 50
944 31
339 167
611 279
99 138
104 117
1462 270
1357 66
1145 25
975 148
322 260
203 88
106 249
596 265
618 130
1456 71
218 136
1328 279
309 7
156 156
621 182
771 203
896 296
254 207
1206 276
1300 48
471 291
1005 228
1380 213
395 169
16 105
1210 41
966 113
807 194
1285 301
845 137
1343 110
36 70
1133 298
215 226
681 195
4 224
1443 90
1254 29
175 6
943 180
1138 249
965 287
982 247
1379 4
275 90
1008 52
951 267
1041 136
943 233
302 190
274 29
488 297
558 283
325 5
170 157
286 267
1046 109
732 88
1357 102
1158 172
962 14
999 303
193 81
946 157
347 86
158 169
315 154
1434 161
1332 111
945 14
970 157
576 52
966 274
989 85
1125 258
533 54
5 104
843 69
459 297
1046 34
1406 205
623 162
63 293
433 107
151 5
108 224
799 237
7 17
332 289
970 146
550 68
817 61
807 173
798 248
943 169
817 191
545 161
1041 30
1435 83
479 93
663 280
565 203
1268 5
970 94
1330 31
1192 277
59 279
1203 200
593 35
667 105
581 37
516 33
829 47
736 112
568 227
597 23
491 5
1239 86
1050 276
1484 102
1021 162
1443 145
1072 110
10 100
1102 291
798 182
357 85
311 226
564 147
746 245
414 50
306 278
979 64
42 204
1049 100
515 89
1046 117
443 224
876 189
567 119
1392 169
42 187
1011 187
926 22
409 85
236 174
437 59
1135 87
124 138
1448 228
1031 232
847 111
346 40
389 22
539 185
1375 149
1390 256
1490 27
164 122
893 92
80 259
789 7
535 208
1179 27
1459 74
508 57
460 40
902 157
1373 57
1454 175
871 83
1432 287
165 161
1335 149
1151 112
117 182
487 83
1349 6
340 195
385 29
563 214
1076 124
230 66
1100 111
1384 89
1142 30
483 180
1333 40
1291 298
1009 155
410 195
684 54
927 259
1357 94
41 92
1294 142
1008 67
1238 232
897 131
1402 215
1001 297
848 48
1314 186
1461 223
641 21
678 248
1011 238
380 263
557 242
949 144
250 105
1281 86
373 59
253 257
1287 49
250 53
1323 78
168 229
1220 91
942 215
603 134
577 210
137 241
1393 107
888 38
467 253
173 162
118 163
233 121
260 242
507 110
1485 229
1303 8
1413 119
611 135
4 226
545 177
54 242
1053 162
320 21
643 267
119 236
417 203
151 207
449 17
432 200
1043 92
215 66
599 302
5 223
544 198
168 43
708 7
169 216
969 272
1364 92
1211 288
755 32
932 139
1475 269
1311 242
925 75
1427 139
778 190
1212 29
1348 8
841 201
1264 115
700 115
804 105
480 106
1168 227
444 138
413 139
746 66
583 66
1159 194
831 283
1320 141
1140 289
1087 180
171 183
394 160
76 80
1347 219
1344 91
491 147
971 303
1314 86
513 180
1002 9
873 171
268 161
220 156
1080 19
1148 67
1149 88
1011 135
1108 224
142 257
839 145
824 263
1275 292
616 295
1400 219
751 21
861 13
1182 252
1271 120
1107 126
573 272
497 264
515 246
822 175
1393 45
637 61
1474 237
1317 209
231 91
342 181
131 296
959 56
737 50
878 136
1475 76
926 68
1155 207
1336 56
1134 59
1452 117
580 261
523 146
1096 288
1152 217
234 287
1083 39
1207 215
348 247
1302 77
1416 189
563 77
1212 271
220 187
1394 143
953 113
195 56
1049 111
361 165
201 106
1347 117
413 141
1071 49
725 220
15 34
1316 189
1 191
444 55
589 15
192 189
1468 123
360 29
48 179
1104 235
488 68
78 231
1029 92
18 70
1381 124
513 246
1177 68
399 32
15 204
879 91
747 67
428 300
1196 97
757 163
61 81
119 79
1401 232
1420 195
483 31
737 125
1396 107
243 32
177 107
472 191
709 14
877 303
681 68
1407 239
1366 215
1351 51
94 221
1023 33
793 151
1470 55
1465 163
610 261
1359 160
763 218
539 292
502 270
590 187
42 85
1325 293
335 213
306 295
210 270
866 277
1216 287
232 90
760 217
556 87
639 116
190 209
304 64
610 197
439 215
648 272
71 56
105 25
1488 284
668 26
1023 104
1388 194
638 27
649 290
58 177
106 83
1346 52
892 61
528 71
1095 194
596 160
474 81
768 268
1485 172
807 148
91 49
186 187
346 61
1343 292
515 68
487 11
1391 74
183 100
55 217
675 226
1174 215
323 168
973 277
241 79
1189 84
317 132
1074 140
551 95
204 9
158 73
190 301
865 294
214 96
1173 39
704 176
1404 35
654 190
898 85
89 250
1055 257
1003 11
670 144
287 190
1181 239
489 250
176 155
158 272
817 283
1332 144
514 89
473 144
27 85
238 9
18 131
1069 6
683 43
2 176
622 271
894 40
26 22
1277 156
780 10
418 191
1101 164
1196 147
299 80
292 197
850 37
851 130
1169 75
128 90
903 32
1352 131
1464 5
1408 129
268 126
266 62
288 150
1270 135
151 100
889 92
724 140
888 246
12 137
186 102
817 303
963 240
61 273
8 114
209 156
1102 182
635 104
724 276
377 2
1099 272
51 238
121 257
1205 217
258 64
880 54
713 45
57 7
729 255
1305 1
125 162
943 299
1017 211
1392 176
1366 244
1051 140
675 147
172 244
1441 123
13 272
149 39
1066 4
1125 116
706 177
1433 31
1206 128
124 263
554 269
324 102
375 47
555 146
14 242
53 266
1334 119
963 89
1397 87
606 60
1218 191
843 76
567 265
530 13
1314 235
1127 99
48 162
757 10
1309 176
1015 139
376 225
541 118
297 199
688 177
1369 223
657 10
595 42
1043 213
1456 102
7 31
356 28
856 292
1295 224
1169 63
809 189
147 205
556 237
975 92
310 78
1370 210
473 193
449 55
1495 59
287 101
300 84
504 105
1091 219
851 114
136 172
335 281
737 82
1216 278
794 148
1016 13
1112 56
1141 6
14 20
442 70
1013 172
1130 217
399 132
917 73
679 123
1257 194
480 132
169 250
1418 160
597 202
1165 60
523 204
1256 65
537 222
799 39
1404 218
1334 289
1454 22
1015 61
575 168
762 17
399 99
1053 194
360 160
264 90
1259 27
929 146
1450 276
1434 228
249 209
1307 173
908 43
564 234
814 26
1400 37
252 231
886 41
906 33
1321 14
1342 72
583 35
907 241
957 133
924 147
226 270
48 240
931 264
1008 167
1090 7
766 64
166 118
865 253
1129 144
1368 144
92 14
691 16
1457 212
459 40
156 172
21 68
689 206
563 105
1244 59
254 37
1106 2
509 269
31 214
824 287
1325 88
1348 95
1053 115
627 45
1414 255
926 163
1125 238
224 43
81 31
1073 270
8 146
811 274
362 297
932 297
503 206
840 180
523 22
7 216
1091 104
272 64
831 293
251 259
508 79
255 137
157 150
786 124
205 134
495 130
318 158
365 53
1319 113
1271 224
1123 182
54 30
201 193
429 167
842 214
969 206
227 95
886 236
343 257
1442 208
1385 178
911 285
648 17
1314 257
57 225
778 130
558 152
1462 176
864 192
1022 257
444 295
1209 137
1058 220
723 173
1091 124
386 283
339 57
56 226
1224 68
541 214
645 274
460 116
352 134
1195 48
138 238
450 202
669 48
1230 52
682 117
596 232
768 261
1357 134
1200 201
462 38
468 204
817 114
451 145
140 212
1395 95
745 101
367 143
706 176
334 255
546 198
782 301
716 200
1160 46
1157 75
869 25
122 106
1287 85
1294 131
613 250
944 121
1188 139
716 244
252 85
1095 92
1221 172
35 234
1367 215
1440 239
798 174
223 130
148 234
817 253
76 210
940 257
851 283
101 9
419 200
1463 197
1435 16
670 202
1481 211
436 78
465 127
971 100
369 36
987 16
1420 262
467 132
163 212
1121 126
473 94
26 219
1344 75
92 11
587 241
1095 112
1086 17
954 258
540 223
465 107
924 260
311 128
708 100
248 122
39 112
737 268
740 275
666 100
545 15
885 60
312 150
1005 182
819 214
1066 74
228 253
1356 299
834 189
647 78
994 28
1106 181
482 153
739 94
380 188
547 87
733 171
1148 81
272 156
508 144
1391 56
450 285
574 264
294 94
1371 78
1238 267
792 140
1418 85
971 183
220 40
455 150
244 198
380 236
542 226
614 134
289 131
1310 234
226 115
1104 251
554 16
1344 234
594 189
197 201
1215 223
583 292
85 161
784 114
1494 249
637 234
780 204
820 67
701 82
367 79
1307 269
791 115
669 88
1309 242
194 270
757 182
843 5
762 150
337 8
771 82
332 98
861 51
1291 293
1309 126
706 131
1075 18
379 138
1088 296
282 216
502 238
66 145
620 246
915 140
608 290
761 240
889 83
522 59
217 205
1174 220
386 297
984 153
120 261
1208 102
657 234
1425 290
1455 37
730 220
1190 20
290 298
644 8
378 89
122 6
791 165
998 195
828 71
900 60
478 91
10 106
1425 252
1380 100
431 55
43 191
461 95
593 268
874 118
1346 96
1493 81
1441 71
23 189
1473 72
618 78
16 295
1070 59
129 170
954 146
425 122
767 187
657 161
1165 73
78 267
1005 63
142 213
51 237
1409 128
626 36
955 287
697 61
1074 159
1222 42
1333 254
155 294
53 144
709 47
568 10
1074 68
159 292
1124 252
631 221
1490 277
1401 20
90 134
1479 168
1145 198
329 254
1463 52
1099 188
665 48
1306 194
398 63
1178 201
1341 172
840 209
375 5
721 258
209 58
787 203
1395 170
586 157
584 63
786 262
431 110
512 289
330 274
976 83
460 220
586 47
959 197
819 106
508 226
338 261
987 234
937 271
537 302
809 7
523 286
1143 256
1208 131
42 95
730 183
763 15
1079 107
192 188
88 239
817 202
631 110
539 35
795 86
212 175
203 11
489 226
740 106
755 39
314 223
1023 290
800 66
1344 147
335 112
1034 126
195 231
680 264
632 184
1481 261
938 276
142 172
251 79
1194 66
180 261
700 203
135 144
1017 138
1112 275
230 187
896 290
1368 36
983 299
1254 198
61 257
440 86
1058 301
352 272
633 126
613 256
1338 78
1106 212
394 103
1279 22
146 53
912 285
341 279
660 282
55 197
1424 263
97 96
66 215
1491 261
1343 240
630 82
1309 263
401 272
615 28
1453 181
560 133
104 266
749 48
630 80
433 101
64 170
834 218
921 253
523 204
1102 218
809 278
1278 250
1294 250
1247 8
263 166
