123
31 5568
16 3010
30 266
42 6568
38 3595
9 5948
11 4024
25 8115
19 988
5 3391
37 7558
44 9150
27 7173
39 1670
10 9163
8 1631
3 6014
27 779
36 6056
47 8474
27 9645
46 7373
25 3125
14 9731
27 3227
35 8512
31 1941
26 9964
23 5487
50 6965
31 5183
1 8188
19 8466
41 793
46 5968
4 704
17 8625
24 1230
34 3062
11 4875
16 9375
3 9286
42 3629
25 202
32 424
3 5814
18 3677
42 8451
40 6590
37 9779
33 962
20 8252
13 2471
38 2791
37 3782
29 1098
27 2109
29 1962
35 6639
12 736
27 6429
7 4723
46 3904
14 5402
41 6414
16 5430
49 6321
2 5879
36 6444
49 6148
44 3629
47 4977
40 7317
50 9915
9 5057
12 7829
43 476
41 577
13 3153
23 2169
27 959
44 8900
50 1983
35 690
3 2999
16 5002
18 9631
5 9681
40 952
35 2749
28 1768
18 4992
43 6090
30 1112
26 3198
45 8218
48 6411
6 6845
11 5169
11 4607
41 468
33 9453
8 6990
14 5333
12 5694
13 863
46 2591
23 7577
28 8179
6 695
2 2770
29 8090
44 2326
5 8958
48 7909
25 5875
50 731
4 380
14 4894
11 436
47 4859
20 6947
30 1838
28
213 10
905 14
736 73
365 57
495 47
950 106
1329 99
1058 24
388 119
1387 50
240 28
764 117
1499 55
687 52
892 116
1449 22
1326 77
257 82
576 15
1219 84
97 40
1164 22
1061 18
608 98
587 95
236 97
790 100
584 41
