478
28 3184
7 646
40 8324
44 3064
27 8082
18 2008
39 5897
2 1328
16 2137
23 6975
10 591
39 9408
28 3996
5 9870
41 4499
25 752
19 6292
22 5068
17 798
23 5051
20 5127
12 7035
14 8794
8 3564
17 444
45 3567
49 4289
25 6230
11 3725
1 4497
13 3293
14 8885
22 6215
32 1947
27 1329
25 5076
22 2992
8 3889
10 9425
8 3679
5 6763
50 7522
41 8156
7 3318
27 6063
32 9999
1 9766
23 3864
25 9431
21 7706
46 4056
39 6721
16 1140
1 2733
24 3365
2 73
40 6436
21 4997
5 392
33 5312
27 9269
19 9022
2 9022
14 6642
5 3090
45 8997
28 8197
37 8920
11 6468
21 869
46 8426
11 952
27 4220
50 7572
9 4452
19 3268
8 6514
42 185
30 5196
40 4500
14 158
9 4514
25 6132
22 7186
30 8071
46 2824
5 5050
24 4663
3 9311
12 1429
15 5168
42 6914
6 1520
32 5653
13 7220
15 2174
24 1970
28 950
46 379
7 497
10 8268
31 5684
38 4512
42 726
45 3701
42 3176
47 8331
17 3936
17 2251
23 2429
23 5856
41 3565
38 1
48 5343
20 1242
17 6215
15 6366
8 2942
21 3184
22 5724
9 2956
9 2825
13 5620
41 1116
19 6244
14 6744
42 9733
47 3391
6 5832
45 6733
12 3028
38 6241
21 2132
9 5790
42 4793
41 1803
40 264
26 4063
10 1532
31 5242
34 9705
5 2913
41 8980
50 7485
21 9078
6 1187
2 5609
35 898
8 212
8 6319
1 8735
26 70
26 5005
9 9834
11 1718
49 6673
41 9843
27 7787
9 6799
6 549
30 5748
44 516
46 546
13 1030
31 4703
14 6358
25 1487
29 8704
20 1989
31 2138
20 4916
22 56
29 9996
14 62
13 3034
20 9986
39 5623
20 8077
49 2122
33 2819
34 5750
45 9286
22 3344
36 1627
28 8844
40 3762
15 693
26 786
4 1062
8 1809
39 6166
23 7450
39 2264
39 7255
36 2830
36 5564
42 9205
40 67
22 316
9 347
23 6401
41 8274
45 4104
49 1972
14 8575
46 6235
30 9721
15 7211
24 6034
4 4877
19 2098
27 7317
35 6740
23 6741
2 7803
8 7043
21 9757
23 5942
38 822
10 3733
12 8388
33 6641
3 4158
23 1932
33 2034
37 4297
39 3699
25 1959
34 9720
46 8974
50 7460
10 7155
20 6249
33 8635
46 4575
36 891
39 313
23 4318
22 7996
49 3775
12 9835
27 8222
14 6177
2 4917
47 2335
29 7714
8 9517
43 8120
46 7329
37 7072
9 8791
32 9625
12 1614
1 4608
1 3687
5 5179
47 3034
10 8963
41 6055
40 6677
24 5768
29 8183
50 7547
10 3352
45 3660
25 6443
10 5352
16 3077
19 7929
2 9393
37 5196
31 4694
10 5441
6 3020
4 4687
31 2079
39 5624
38 7782
43 8070
41 5307
8 9611
39 2686
36 1808
29 7604
21 7010
15 1131
13 4705
36 3020
3 5088
13 7567
22 5716
3 8457
40 2205
11 4655
8 503
46 9694
32 6587
33 6355
43 3395
41 6526
26 4698
19 3339
43 9257
4 4676
9 3943
15 8167
29 456
43 7473
29 8463
46 6964
12 5193
42 3809
33 8924
13 8543
46 3407
9 2334
35 6113
2 8966
21 5187
8 2795
43 5530
33 6746
36 2637
18 7842
18 899
17 6667
8 5936
27 7958
29 7516
38 938
19 3581
19 1519
15 3587
14 1432
26 1258
44 5411
48 4078
35 9555
33 3395
19 4886
48 7004
13 8253
4 1160
42 8854
10 1571
22 5950
23 3146
23 6039
21 4755
41 3245
33 8718
11 2865
7 4469
20 828
22 9954
17 26
43 3228
39 5220
41 2888
18 519
14 4300
41 2905
15 8975
26 8495
23 7284
6 4217
28 453
26 7001
19 1646
19 3503
13 1989
17 2428
50 6397
50 9224
13 9722
17 1979
30 9652
46 7694
34 9205
26 7780
39 7853
35 9720
21 7632
26 3672
14 6207
28 6338
47 2649
16 6756
29 5344
27 1999
38 6056
25 5739
15 1715
31 4834
24 4317
32 5758
38 3452
45 5987
23 4024
25 2986
15 4438
46 944
7 8634
6 2307
7 2086
24 7883
48 3072
14 2785
10 3872
25 1621
43 3720
45 8597
32 430
29 1133
10 3548
1 2614
13 7066
6 636
2 8370
24 832
47 378
38 712
40 5165
47 9012
27 7785
44 6026
4 8962
33 8586
29 2544
20 75
11 6459
4 7134
20 6393
38 9258
42 5730
24 8566
29 8357
9 5908
7 2812
32 2236
28 3628
34 5894
43 5078
14 5426
32 6319
39 9630
12 5036
33 1557
43 1927
8 8676
44 3953
5 2641
10 931
48 539
19 5030
50 9562
39 7646
38 6094
39 2044
46 2457
28 3368
16 2546
39 3391
21 8096
23 1305
34 6508
36 3641
6 4464
22 6371
1 9162
24 9100
18 2043
27 2915
4 2774
16 2631
38 6712
37 7012
46 3215
28
797 12
415 251
486 39
130 215
386 121
1364 438
1016 92
1192 386
1235 359
1012 111
791 267
1464 229
721 393
165 19
780 174
450 361
71 41
74 106
399 372
1347 198
1178 323
73 123
296 65
168 67
928 308
496 381
194 163
312 172
